0.524577	-0.019584	-0.011262	-0.013158	-0.015211	-0.014863	-0.013630	-0.012665	-0.015816	-0.012933	-0.015039	-0.018750	-0.015380	-0.014030	-0.022224	-0.017963	-0.009633	-0.020149	
-0.019584	0.488784	-0.015318	-0.016396	-0.016029	-0.021915	-0.017149	-0.018084	-0.020005	-0.015014	-0.017021	-0.017142	-0.021001	-0.019976	-0.015959	-0.016632	-0.017223	0.040057	
-0.011262	-0.015318	0.447158	-0.011741	-0.010265	-0.012549	-0.009530	-0.013034	-0.015368	-0.011548	-0.011704	-0.013752	-0.014023	-0.014099	-0.013565	-0.017239	-0.012477	-0.016104	
-0.013158	-0.016396	-0.011741	0.423293	-0.009843	-0.010304	-0.012617	-0.012336	-0.013569	-0.012617	-0.009829	-0.015943	-0.010763	-0.011664	-0.013164	-0.011429	-0.010789	-0.015484	
-0.015211	-0.016029	-0.010265	-0.009843	0.452735	-0.013608	-0.012309	-0.011355	-0.010378	-0.012789	-0.013859	-0.015872	-0.009486	-0.012277	-0.015973	-0.015684	-0.014689	-0.016739	
-0.014863	-0.021915	-0.012549	-0.010304	-0.013608	0.498336	-0.011822	-0.010739	-0.015499	-0.011815	-0.015845	-0.016781	-0.014003	-0.013255	-0.020208	-0.014125	-0.013592	-0.018245	
-0.013630	-0.017149	-0.009530	-0.012617	-0.012309	-0.011822	0.454373	-0.012063	-0.011632	-0.013294	-0.015699	-0.014031	-0.013790	-0.012566	-0.014548	-0.011637	-0.013079	-0.017790	
-0.012665	-0.018084	-0.013034	-0.012336	-0.011355	-0.010739	-0.012063	0.474930	-0.015162	-0.012023	-0.013161	-0.016504	-0.013983	-0.014330	-0.016742	-0.014472	-0.011013	-0.019799	
-0.015816	-0.020005	-0.015368	-0.013569	-0.010378	-0.015499	-0.011632	-0.015162	0.503853	-0.013945	-0.015818	-0.015943	-0.011538	-0.012376	-0.015526	-0.015408	-0.016806	-0.017136	
-0.012933	-0.015014	-0.011548	-0.012617	-0.012789	-0.011815	-0.013294	-0.012023	-0.013945	0.443922	-0.013542	-0.014310	-0.013500	-0.010759	-0.014516	-0.011697	-0.012634	-0.015025	
-0.015039	-0.017021	-0.011704	-0.009829	-0.013859	-0.015845	-0.015699	-0.013161	-0.015818	-0.013542	0.499342	-0.018514	-0.014560	-0.012827	-0.016671	-0.015116	-0.013586	-0.016880	
-0.018750	-0.017142	-0.013752	-0.015943	-0.015872	-0.016781	-0.014031	-0.016504	-0.015943	-0.014310	-0.018514	0.509335	-0.015147	-0.012762	-0.001145	-0.016864	-0.013076	-0.018131	
-0.015380	-0.021001	-0.014023	-0.010763	-0.009486	-0.014003	-0.013790	-0.013983	-0.011538	-0.013500	-0.014560	-0.015147	0.499255	-0.016188	-0.017807	-0.014732	-0.017137	-0.016590	
-0.014030	-0.019976	-0.014099	-0.011664	-0.012277	-0.013255	-0.012566	-0.014330	-0.012376	-0.010759	-0.012827	-0.012762	-0.016188	0.493245	-0.018140	-0.016739	-0.016908	-0.017727	
-0.022224	-0.015959	-0.013565	-0.013164	-0.015973	-0.020208	-0.014548	-0.016742	-0.015526	-0.014516	-0.016671	-0.001145	-0.017807	-0.018140	0.487194	0.006780	-0.017283	-0.016905	
-0.017963	-0.016632	-0.017239	-0.011429	-0.015684	-0.014125	-0.011637	-0.014472	-0.015408	-0.011697	-0.015116	-0.016864	-0.014732	-0.016739	0.006780	0.456990	-0.010049	-0.015489	
-0.009633	-0.017223	-0.012477	-0.010789	-0.014689	-0.013592	-0.013079	-0.011013	-0.016806	-0.012634	-0.013586	-0.013076	-0.017137	-0.016908	-0.017283	-0.010049	0.471114	-0.015584	
-0.020149	0.040057	-0.016104	-0.015484	-0.016739	-0.018245	-0.017790	-0.019799	-0.017136	-0.015025	-0.016880	-0.018131	-0.016590	-0.017727	-0.016905	-0.015489	-0.015584	0.467442	
