5.503213	0.091331	0.121546	0.075618	0.066816	0.119579	0.104135	0.091121	0.108064	0.096679	0.126742	0.109080	0.104147	0.112275	0.076883	0.090108	0.117107	0.081225	-0.259492	-0.223583	-0.263950	-0.221299	-0.293666	-0.246384	-0.251461	-0.234772	-0.264924	-0.150740	-0.270642	-0.252493	-0.218805	-0.273727	-0.260532	-0.270672	-0.256467	-0.230455	
0.091331	4.974707	0.068582	0.039558	0.071607	0.074674	0.068765	0.071049	0.093030	0.079364	0.104974	0.109273	0.077326	0.080306	0.097377	0.089436	0.077359	0.466456	-0.229178	-0.221124	-0.246192	-0.214351	-0.292620	-0.247688	-0.248637	-0.238940	-0.245657	-0.128330	-0.255278	-0.243225	-0.204490	-0.272067	-0.236862	-0.256777	-0.248598	-0.217804	
0.121546	0.068582	4.680101	0.061543	0.072427	0.077169	0.089520	0.062945	0.077614	0.082545	0.090760	0.074361	0.062142	0.070166	0.065525	0.050320	0.075986	0.061693	-0.207308	-0.173455	-0.208720	-0.176353	-0.249370	-0.208923	-0.213394	-0.201643	-0.207579	-0.091738	-0.227086	-0.216036	-0.169951	-0.241325	-0.201586	-0.224648	-0.202857	-0.182923	
0.075618	0.039558	0.061543	4.391936	0.058258	0.086249	0.060852	0.067148	0.058388	0.058519	0.077634	0.053651	0.096103	0.060650	0.067404	0.069362	0.074557	0.053355	-0.186261	-0.160322	-0.189474	-0.167270	-0.239180	-0.188809	-0.196031	-0.171424	-0.187244	-0.075288	-0.210525	-0.199813	-0.157232	-0.221281	-0.183954	-0.212503	-0.198397	-0.169809	
0.066816	0.071607	0.072427	0.058258	4.695021	0.085771	0.071422	0.079666	0.104107	0.062762	0.088954	0.075310	0.091631	0.091268	0.058564	0.052078	0.062506	0.055895	-0.206345	-0.188776	-0.209532	-0.177793	-0.244335	-0.209307	-0.208974	-0.196297	-0.203592	-0.090831	-0.212327	-0.209775	-0.164555	-0.245471	-0.201264	-0.233906	-0.214349	-0.179124	
0.119579	0.074674	0.077169	0.086249	0.085771	5.233551	0.097477	0.107449	0.115487	0.091789	0.114831	0.106758	0.099593	0.102409	0.070118	0.084074	0.082078	0.081403	-0.237012	-0.219292	-0.246239	-0.212296	-0.279984	-0.245744	-0.245903	-0.238002	-0.245381	-0.122879	-0.259154	-0.242376	-0.202098	-0.268247	-0.235065	-0.248398	-0.237570	-0.228043	
0.104135	0.068765	0.089520	0.060852	0.071422	0.097477	4.610995	0.075521	0.114001	0.077181	0.069954	0.086295	0.074957	0.080288	0.078870	0.086405	0.072338	0.062398	-0.215630	-0.187123	-0.216208	-0.184965	-0.248493	-0.205000	-0.215767	-0.199792	-0.208539	-0.096166	-0.229029	-0.218987	-0.165464	-0.244782	-0.222676	-0.221188	-0.211472	-0.184595	
0.091121	0.071049	0.062945	0.067148	0.079666	0.107449	0.075521	4.891796	0.084948	0.069966	0.090489	0.080737	0.091766	0.077147	0.070802	0.065201	0.084387	0.052414	-0.219851	-0.188717	-0.218573	-0.185471	-0.267367	-0.213715	-0.229476	-0.202650	-0.219944	-0.107105	-0.231269	-0.227697	-0.184583	-0.239498	-0.207980	-0.222583	-0.209248	-0.192925	
0.108064	0.093030	0.077614	0.058388	0.104107	0.115487	0.114001	0.084948	5.297121	0.082215	0.106072	0.103667	0.119962	0.099502	0.101765	0.091632	0.072915	0.096442	-0.253094	-0.206304	-0.251342	-0.219757	-0.272265	-0.236387	-0.254554	-0.228408	-0.254621	-0.138218	-0.262787	-0.250220	-0.207649	-0.279806	-0.239156	-0.246381	-0.258638	-0.218785	
0.096679	0.079364	0.082545	0.058519	0.062762	0.091789	0.077181	0.069966	0.082215	4.625809	0.100567	0.086537	0.089022	0.068706	0.077628	0.084934	0.074115	0.065750	-0.217422	-0.186524	-0.217173	-0.177903	-0.249690	-0.209457	-0.219261	-0.196032	-0.213409	-0.100501	-0.220820	-0.210620	-0.173761	-0.246328	-0.193651	-0.219764	-0.221302	-0.187566	
0.126742	0.104974	0.090760	0.077634	0.088954	0.114831	0.069954	0.090489	0.106072	0.100567	5.227161	0.097342	0.112582	0.109217	0.085610	0.095335	0.098906	0.090420	-0.240758	-0.217946	-0.245302	-0.218834	-0.284190	-0.245026	-0.249707	-0.240381	-0.243719	-0.126720	-0.256814	-0.254811	-0.209193	-0.270996	-0.239817	-0.255963	-0.241424	-0.232367	
0.109080	0.109273	0.074361	0.053651	0.075310	0.106758	0.086295	0.080737	0.103667	0.086537	0.097342	5.172723	0.107248	0.089449	0.203459	0.080421	0.098200	0.084733	-0.240775	-0.220915	-0.244348	-0.225009	-0.277121	-0.242242	-0.254488	-0.231211	-0.252352	-0.134730	-0.249037	-0.228195	-0.209145	-0.271520	-0.234373	-0.254944	-0.250453	-0.212025	
0.104147	0.077326	0.062142	0.096103	0.091631	0.099593	0.074957	0.091766	0.119962	0.089022	0.112582	0.107248	5.116337	0.067128	0.075665	0.085402	0.068422	0.084013	-0.233299	-0.210330	-0.229066	-0.198640	-0.270937	-0.230785	-0.229273	-0.220275	-0.242080	-0.131069	-0.252233	-0.234931	-0.198212	-0.254906	-0.229392	-0.242979	-0.246827	-0.210043	
0.112275	0.080306	0.070166	0.060650	0.091268	0.102409	0.080288	0.077147	0.099502	0.068706	0.109217	0.089449	0.067128	5.138040	0.071319	0.074998	0.063773	0.075340	-0.220026	-0.196067	-0.226224	-0.209268	-0.270786	-0.214874	-0.233586	-0.219685	-0.235363	-0.108298	-0.233657	-0.221075	-0.199690	-0.263125	-0.226021	-0.240699	-0.234252	-0.210265	
0.076883	0.097377	0.065525	0.067404	0.058564	0.070118	0.078870	0.070802	0.101765	0.077628	0.085610	0.203459	0.075665	0.071319	5.049251	0.231325	0.082098	0.072494	-0.229582	-0.211025	-0.239349	-0.204468	-0.274026	-0.234663	-0.245869	-0.211316	-0.235277	-0.118244	-0.254799	-0.245581	-0.197311	-0.275001	-0.227884	-0.256557	-0.227419	-0.223161	
0.090108	0.089436	0.050320	0.069362	0.052078	0.084074	0.086405	0.065201	0.091632	0.084934	0.095335	0.080421	0.085402	0.074998	0.231325	4.679751	0.100021	0.085860	-0.223312	-0.188177	-0.218613	-0.189139	-0.257813	-0.218222	-0.227075	-0.208913	-0.230391	-0.112794	-0.232881	-0.239945	-0.182797	-0.258069	-0.205970	-0.240682	-0.221508	-0.200485	
0.117107	0.077359	0.075986	0.074557	0.062506	0.082078	0.072338	0.084387	0.072915	0.074115	0.098906	0.098200	0.068422	0.063773	0.082098	0.100021	4.891605	0.075583	-0.207933	-0.194931	-0.222014	-0.192259	-0.273598	-0.216508	-0.220014	-0.205592	-0.230744	-0.106675	-0.227728	-0.225012	-0.182176	-0.244359	-0.213185	-0.243013	-0.222092	-0.198320	
0.081225	0.466456	0.061693	0.053355	0.055895	0.081403	0.062398	0.052414	0.096442	0.065750	0.090420	0.084733	0.084013	0.075340	0.072494	0.085860	0.075583	4.723025	-0.226374	-0.200436	-0.232795	-0.199628	-0.268415	-0.238495	-0.237796	-0.215325	-0.221086	-0.114858	-0.247336	-0.229374	-0.193523	-0.266213	-0.224523	-0.241809	-0.240203	-0.208797	
-0.259492	-0.229178	-0.207308	-0.186261	-0.206345	-0.237012	-0.215630	-0.219851	-0.253094	-0.217422	-0.240758	-0.240775	-0.233299	-0.220026	-0.229582	-0.223312	-0.207933	-0.226374	5.939847	0.059601	0.062701	0.076884	0.066314	0.081418	0.078659	0.064114	0.053801	0.040895	0.074248	0.068585	0.049452	0.090508	0.063380	0.038936	0.063500	0.050731	
-0.223583	-0.221124	-0.173455	-0.160322	-0.188776	-0.219292	-0.187123	-0.188717	-0.206304	-0.186524	-0.217946	-0.220915	-0.210330	-0.196067	-0.211025	-0.188177	-0.194931	-0.200436	0.059601	5.336799	0.038933	0.050607	0.071164	0.059973	0.052641	0.047538	0.034152	0.043200	0.070015	0.063076	0.038768	0.058567	0.059213	0.056567	0.055759	0.066878	
-0.263950	-0.246192	-0.208720	-0.189474	-0.209532	-0.246239	-0.216208	-0.218573	-0.251342	-0.217173	-0.245302	-0.244348	-0.229066	-0.226224	-0.239349	-0.218613	-0.222014	-0.232795	0.062701	0.038933	5.658628	0.037879	0.051253	0.080866	0.060103	0.063492	0.332144	0.033331	0.055564	0.080015	0.069274	0.085737	0.075740	0.052991	0.062327	0.053449	
-0.221299	-0.214351	-0.176353	-0.167270	-0.177793	-0.212296	-0.184965	-0.185471	-0.219757	-0.177903	-0.218834	-0.225009	-0.198640	-0.209268	-0.204468	-0.189139	-0.192259	-0.199628	0.076884	0.050607	0.037879	5.273715	0.057472	0.058985	0.051524	0.058229	0.043092	0.040123	0.042920	0.070754	0.059641	0.087808	0.050296	0.042384	0.054185	0.055062	
-0.293666	-0.292620	-0.249370	-0.239180	-0.244335	-0.279984	-0.248493	-0.267367	-0.272265	-0.249690	-0.284190	-0.277121	-0.270937	-0.270786	-0.274026	-0.257813	-0.273598	-0.268415	0.066314	0.071164	0.051253	0.057472	6.657691	0.085070	0.064348	0.042521	0.052174	-0.003417	0.085325	0.065788	0.055931	0.091231	0.074735	0.490309	0.073783	0.061009	
-0.246384	-0.247688	-0.208923	-0.188809	-0.209307	-0.245744	-0.205000	-0.213715	-0.236387	-0.209457	-0.245026	-0.242242	-0.230785	-0.214874	-0.234663	-0.218222	-0.216508	-0.238495	0.081418	0.059973	0.080866	0.058985	0.085070	5.826691	0.075811	0.051200	0.075162	0.036949	0.063788	0.067675	0.059649	0.064945	0.076377	0.087490	0.065564	0.047963	
-0.251461	-0.248637	-0.213394	-0.196031	-0.208974	-0.245903	-0.215767	-0.229476	-0.254554	-0.219261	-0.249707	-0.254488	-0.229273	-0.233586	-0.245869	-0.227075	-0.220014	-0.237796	0.078659	0.052641	0.060103	0.051524	0.064348	0.075811	6.134098	0.052704	0.058479	0.028552	0.073660	0.069862	0.066061	0.110390	0.068069	0.068216	0.072341	0.062796	
-0.234772	-0.238940	-0.201643	-0.171424	-0.196297	-0.238002	-0.199792	-0.202650	-0.228408	-0.196032	-0.240381	-0.231211	-0.220275	-0.219685	-0.211316	-0.208913	-0.205592	-0.215325	0.064114	0.047538	0.063492	0.058229	0.042521	0.051200	0.052704	5.761670	0.064122	0.040739	0.051817	0.053930	0.040324	0.081260	0.076825	0.054498	0.064664	0.071846	
-0.264924	-0.245657	-0.207579	-0.187244	-0.203592	-0.245381	-0.208539	-0.219944	-0.254621	-0.213409	-0.243719	-0.252352	-0.242080	-0.235363	-0.235277	-0.230391	-0.230744	-0.221086	0.053801	0.034152	0.332144	0.043092	0.052174	0.075162	0.058479	0.064122	5.800402	0.025280	0.060230	0.059232	0.052808	0.076032	0.073746	0.058029	0.060040	0.063176	
-0.150740	-0.128330	-0.091738	-0.075288	-0.090831	-0.122879	-0.096166	-0.107105	-0.138218	-0.100501	-0.126720	-0.134730	-0.131069	-0.108298	-0.118244	-0.112794	-0.106675	-0.114858	0.040895	0.043200	0.033331	0.040123	-0.003417	0.036949	0.028552	0.040739	0.025280	3.062048	0.017848	0.033384	0.047652	0.004610	0.036291	0.033908	0.029599	0.035213	
-0.270642	-0.255278	-0.227086	-0.210525	-0.212327	-0.259154	-0.229029	-0.231269	-0.262787	-0.220820	-0.256814	-0.249037	-0.252233	-0.233657	-0.254799	-0.232881	-0.227728	-0.247336	0.074248	0.070015	0.055564	0.042920	0.085325	0.063788	0.073660	0.051817	0.060230	0.017848	6.392432	0.067759	0.068955	0.088852	0.079848	0.076392	0.073911	0.086056	
-0.252493	-0.243225	-0.216036	-0.199813	-0.209775	-0.242376	-0.218987	-0.227697	-0.250220	-0.210620	-0.254811	-0.228195	-0.234931	-0.221075	-0.245581	-0.239945	-0.225012	-0.229374	0.068585	0.063076	0.080015	0.070754	0.065788	0.067675	0.069862	0.053930	0.059232	0.033384	0.067759	6.037017	0.060815	0.079912	0.097006	0.058032	0.061270	0.074562	
-0.218805	-0.204490	-0.169951	-0.157232	-0.164555	-0.202098	-0.165464	-0.184583	-0.207649	-0.173761	-0.209193	-0.209145	-0.198212	-0.199690	-0.197311	-0.182797	-0.182176	-0.193523	0.049452	0.038768	0.069274	0.059641	0.055931	0.059649	0.066061	0.040324	0.052808	0.047652	0.068955	0.060815	4.900190	0.066185	0.072164	0.041520	0.059025	0.062314	
-0.273727	-0.272067	-0.241325	-0.221281	-0.245471	-0.268247	-0.244782	-0.239498	-0.279806	-0.246328	-0.270996	-0.271520	-0.254906	-0.263125	-0.275001	-0.258069	-0.244359	-0.266213	0.090508	0.058567	0.085737	0.087808	0.091231	0.064945	0.110390	0.081260	0.076032	0.004610	0.088852	0.079912	0.066185	6.734057	0.068675	0.065135	0.068715	0.081132	
-0.260532	-0.236862	-0.201586	-0.183954	-0.201264	-0.235065	-0.222676	-0.207980	-0.239156	-0.193651	-0.239817	-0.234373	-0.229392	-0.226021	-0.227884	-0.205970	-0.213185	-0.224523	0.063380	0.059213	0.075740	0.050296	0.074735	0.076377	0.068069	0.076825	0.073746	0.036291	0.079848	0.097006	0.072164	0.068675	5.640441	0.051997	0.069385	0.069925	
-0.270672	-0.256777	-0.224648	-0.212503	-0.233906	-0.248398	-0.221188	-0.222583	-0.246381	-0.219764	-0.255963	-0.254944	-0.242979	-0.240699	-0.256557	-0.240682	-0.243013	-0.241809	0.038936	0.056567	0.052991	0.042384	0.490309	0.087490	0.068216	0.054498	0.058029	0.033908	0.076392	0.058032	0.041520	0.065135	0.051997	5.874608	0.065985	0.053772	
-0.256467	-0.248598	-0.202857	-0.198397	-0.214349	-0.237570	-0.211472	-0.209248	-0.258638	-0.221302	-0.241424	-0.250453	-0.246827	-0.234252	-0.227419	-0.221508	-0.222092	-0.240203	0.063500	0.055759	0.062327	0.054185	0.073783	0.065564	0.072341	0.064664	0.060040	0.029599	0.073911	0.061270	0.059025	0.068715	0.069385	0.065985	6.189531	0.048256	
-0.230455	-0.217804	-0.182923	-0.169809	-0.179124	-0.228043	-0.184595	-0.192925	-0.218785	-0.187566	-0.232367	-0.212025	-0.210043	-0.210265	-0.223161	-0.200485	-0.198320	-0.208797	0.050731	0.066878	0.053449	0.055062	0.061009	0.047963	0.062796	0.071846	0.063176	0.035213	0.086056	0.074562	0.062314	0.081132	0.069925	0.053772	0.048256	5.286706	
