3.369443	0.077752	0.097352	0.073767	0.073311	0.097394	0.090828	0.085207	0.094414	0.088587	0.102588	0.085449	0.089824	0.093212	0.068984	0.082041	0.099464	0.071543	-0.174171	-0.150168	-0.187127	-0.151930	-0.218721	-0.179016	-0.184673	-0.167807	-0.187526	-0.081064	-0.205049	-0.182849	-0.147896	-0.205354	-0.182249	-0.196089	-0.190046	-0.164703	
0.077752	3.011159	0.068507	0.055398	0.066207	0.067118	0.067610	0.065615	0.078190	0.074710	0.088522	0.089134	0.072742	0.066182	0.087242	0.080180	0.069484	0.329289	-0.158978	-0.147400	-0.173311	-0.143478	-0.218987	-0.172517	-0.180027	-0.166852	-0.171040	-0.072405	-0.189075	-0.175661	-0.139991	-0.205702	-0.170831	-0.186768	-0.183888	-0.152551	
0.097352	0.068507	2.827003	0.059079	0.071417	0.079412	0.079697	0.060019	0.074289	0.074856	0.083833	0.070993	0.064673	0.065089	0.062789	0.052909	0.067832	0.060464	-0.140205	-0.120046	-0.148589	-0.125538	-0.179913	-0.148923	-0.157565	-0.147018	-0.150361	-0.063175	-0.167936	-0.155982	-0.121988	-0.182132	-0.146333	-0.164173	-0.151040	-0.135791	
0.073767	0.055398	0.059079	2.646797	0.061787	0.081529	0.057928	0.065927	0.064216	0.056885	0.078329	0.057125	0.078598	0.060316	0.065700	0.065641	0.064660	0.053331	-0.130528	-0.111541	-0.132395	-0.115129	-0.171084	-0.136234	-0.143433	-0.129048	-0.142331	-0.054909	-0.156455	-0.145488	-0.118622	-0.165569	-0.137239	-0.157164	-0.150807	-0.125635	
0.073311	0.066207	0.071417	0.061787	2.854889	0.078712	0.068444	0.073217	0.095177	0.065978	0.079844	0.071036	0.088307	0.075669	0.059773	0.059148	0.061568	0.056162	-0.139489	-0.132316	-0.148179	-0.126496	-0.179035	-0.148070	-0.153590	-0.146477	-0.148507	-0.061031	-0.160131	-0.156577	-0.121639	-0.187110	-0.152375	-0.175732	-0.161432	-0.135016	
0.097394	0.067118	0.079412	0.081529	0.078712	3.178999	0.086875	0.093917	0.094548	0.085553	0.094509	0.084388	0.087070	0.087413	0.064922	0.080459	0.075844	0.072044	-0.164883	-0.146283	-0.174221	-0.142381	-0.208493	-0.174094	-0.180573	-0.165490	-0.179487	-0.069910	-0.191526	-0.173931	-0.140446	-0.200928	-0.167271	-0.180279	-0.180152	-0.160857	
0.090828	0.067610	0.079697	0.057928	0.068444	0.086875	2.795679	0.070211	0.093901	0.069507	0.072115	0.077582	0.071081	0.075035	0.073624	0.076249	0.068118	0.061416	-0.149357	-0.125160	-0.152597	-0.126988	-0.182782	-0.148219	-0.155977	-0.143002	-0.152434	-0.062636	-0.170064	-0.158694	-0.119481	-0.186274	-0.158836	-0.164476	-0.162306	-0.138779	
0.085207	0.065615	0.060019	0.065927	0.073217	0.093917	0.070211	2.980376	0.077150	0.070252	0.079226	0.069053	0.076702	0.071728	0.060662	0.062267	0.077589	0.051565	-0.150755	-0.129985	-0.153016	-0.130614	-0.190848	-0.151839	-0.166117	-0.143630	-0.160539	-0.065888	-0.170210	-0.163384	-0.132806	-0.179518	-0.150998	-0.164595	-0.157889	-0.137864	
0.094414	0.078190	0.074289	0.064216	0.095177	0.094548	0.093901	0.077150	3.219672	0.080984	0.089931	0.092277	0.101636	0.085186	0.088287	0.086035	0.073919	0.078923	-0.175381	-0.139418	-0.175251	-0.154313	-0.208242	-0.172568	-0.182158	-0.161238	-0.182599	-0.075216	-0.191815	-0.180808	-0.147505	-0.208447	-0.170258	-0.185694	-0.189403	-0.158585	
0.088587	0.074710	0.074856	0.056885	0.065978	0.085553	0.069507	0.070252	0.080984	2.789687	0.086395	0.079188	0.075445	0.073997	0.070864	0.075504	0.071082	0.067467	-0.147010	-0.122143	-0.153511	-0.126113	-0.184107	-0.153597	-0.160638	-0.138255	-0.154505	-0.068327	-0.163698	-0.160166	-0.127612	-0.183399	-0.145088	-0.165188	-0.165379	-0.143362	
0.102588	0.088522	0.083833	0.078329	0.079844	0.094509	0.072115	0.079226	0.089931	0.086395	3.180448	0.079601	0.093496	0.093420	0.075953	0.080048	0.084250	0.076934	-0.161651	-0.147468	-0.171130	-0.147283	-0.210231	-0.171011	-0.179063	-0.165126	-0.176093	-0.073528	-0.186935	-0.180239	-0.147532	-0.205607	-0.171978	-0.189225	-0.179870	-0.165248	
0.085449	0.089134	0.070993	0.057125	0.071036	0.084388	0.077582	0.069053	0.092277	0.079188	0.079601	3.187222	0.088458	0.080410	0.151586	0.075029	0.087900	0.073117	-0.165306	-0.146542	-0.172433	-0.148798	-0.205677	-0.172458	-0.181667	-0.163390	-0.182639	-0.077055	-0.184730	-0.169911	-0.145329	-0.203695	-0.167857	-0.186732	-0.182678	-0.149040	
0.089824	0.072742	0.064673	0.078598	0.088307	0.087070	0.071081	0.076702	0.101636	0.075445	0.093496	0.088458	3.139008	0.068998	0.069100	0.079657	0.063429	0.074398	-0.164978	-0.141761	-0.161132	-0.135652	-0.202425	-0.163458	-0.170069	-0.158962	-0.175099	-0.077193	-0.183176	-0.169398	-0.136460	-0.197215	-0.165313	-0.179850	-0.181128	-0.149845	
0.093212	0.066182	0.065089	0.060316	0.075669	0.087413	0.075035	0.071728	0.085186	0.073997	0.093420	0.080410	0.068998	3.119346	0.064611	0.066897	0.061496	0.066552	-0.151248	-0.133302	-0.159876	-0.141220	-0.198474	-0.152559	-0.167624	-0.155466	-0.165906	-0.067951	-0.171362	-0.157396	-0.140455	-0.193545	-0.163568	-0.174373	-0.170240	-0.151315	
0.068984	0.087242	0.062789	0.065700	0.059773	0.064922	0.073624	0.060662	0.088287	0.070864	0.075953	0.151586	0.069100	0.064611	3.077921	0.173900	0.067504	0.071426	-0.154897	-0.137316	-0.169278	-0.137786	-0.202209	-0.164522	-0.174597	-0.147368	-0.173052	-0.071702	-0.187101	-0.175835	-0.134756	-0.202284	-0.169722	-0.185230	-0.170006	-0.158226	
0.082041	0.080180	0.052909	0.065641	0.059148	0.080459	0.076249	0.062267	0.086035	0.075504	0.080048	0.075029	0.079657	0.066897	0.173900	2.841040	0.086861	0.073164	-0.153402	-0.125702	-0.153507	-0.132998	-0.190029	-0.158249	-0.166264	-0.153481	-0.167981	-0.074315	-0.175754	-0.168615	-0.129810	-0.190185	-0.149727	-0.174495	-0.166783	-0.145212	
0.099464	0.069484	0.067832	0.064660	0.061568	0.075844	0.068118	0.077589	0.073919	0.071082	0.084250	0.087900	0.063429	0.061496	0.067504	0.086861	2.980128	0.070092	-0.145226	-0.131760	-0.155843	-0.132448	-0.201306	-0.153452	-0.159032	-0.153417	-0.163506	-0.066789	-0.170960	-0.162689	-0.126689	-0.183163	-0.157479	-0.172790	-0.161656	-0.142951	
0.071543	0.329289	0.060464	0.053331	0.056162	0.072044	0.061416	0.051565	0.078923	0.067467	0.076934	0.073117	0.074398	0.066552	0.071426	0.073164	0.070092	2.900407	-0.155374	-0.133314	-0.162445	-0.136898	-0.199445	-0.170265	-0.169876	-0.154533	-0.159106	-0.072073	-0.180370	-0.168146	-0.134570	-0.195410	-0.165279	-0.176065	-0.174004	-0.150920	
-0.174171	-0.158978	-0.140205	-0.130528	-0.139489	-0.164883	-0.149357	-0.150755	-0.175381	-0.147010	-0.161651	-0.165306	-0.164978	-0.151248	-0.154897	-0.153402	-0.145226	-0.155374	3.652140	0.058853	0.060444	0.066906	0.065073	0.072779	0.067759	0.049929	0.051762	0.034312	0.060772	0.057820	0.043603	0.069764	0.056099	0.041627	0.054310	0.044955	
-0.150168	-0.147400	-0.120046	-0.111541	-0.132316	-0.146283	-0.125160	-0.129985	-0.139418	-0.122143	-0.147468	-0.146542	-0.141761	-0.133302	-0.137316	-0.125702	-0.131760	-0.133314	0.058853	3.302418	0.047663	0.044442	0.067563	0.053661	0.045827	0.043815	0.034390	0.019702	0.054529	0.046425	0.025961	0.051901	0.042194	0.046376	0.038940	0.048174	
-0.187127	-0.173311	-0.148589	-0.132395	-0.148179	-0.174221	-0.152597	-0.153016	-0.175251	-0.153511	-0.171130	-0.172433	-0.161132	-0.159876	-0.169278	-0.153507	-0.155843	-0.162445	0.060444	0.047663	3.646723	0.037580	0.052509	0.065443	0.059484	0.056836	0.242700	0.023796	0.048847	0.059710	0.049199	0.068384	0.058831	0.046467	0.058330	0.044257	
-0.151930	-0.143478	-0.125538	-0.115129	-0.126496	-0.142381	-0.126988	-0.130614	-0.154313	-0.126113	-0.147283	-0.148798	-0.135652	-0.141220	-0.137786	-0.132998	-0.132448	-0.136898	0.066906	0.044442	0.037580	3.423923	0.058183	0.047884	0.042389	0.040176	0.037155	0.014873	0.040773	0.050148	0.035126	0.069588	0.041305	0.034447	0.040932	0.042196	
-0.218721	-0.218987	-0.179913	-0.171084	-0.179035	-0.208493	-0.182782	-0.190848	-0.208242	-0.184107	-0.210231	-0.205677	-0.202425	-0.198474	-0.202209	-0.190029	-0.201306	-0.199445	0.065073	0.067563	0.052509	0.058183	4.488294	0.071901	0.061126	0.047014	0.050860	0.010538	0.076171	0.064184	0.049643	0.078678	0.066365	0.367133	0.065464	0.055457	
-0.179016	-0.172517	-0.148923	-0.136234	-0.148070	-0.174094	-0.148219	-0.151839	-0.172568	-0.153597	-0.171011	-0.172458	-0.163458	-0.152559	-0.164522	-0.158249	-0.153452	-0.170265	0.072779	0.053661	0.065443	0.047884	0.071901	3.927197	0.062767	0.045434	0.061035	0.015709	0.055398	0.053797	0.042288	0.058759	0.058141	0.069451	0.053575	0.039432	
-0.184673	-0.180027	-0.157565	-0.143433	-0.153590	-0.180573	-0.155977	-0.166117	-0.182158	-0.160638	-0.179063	-0.181667	-0.170069	-0.167624	-0.174597	-0.166264	-0.159032	-0.169876	0.067759	0.045827	0.059484	0.042389	0.061126	0.062767	4.207052	0.045251	0.052136	0.020127	0.062215	0.053916	0.050648	0.082922	0.054826	0.055392	0.060460	0.052171	
-0.167807	-0.166852	-0.147018	-0.129048	-0.146477	-0.165490	-0.143002	-0.143630	-0.161238	-0.138255	-0.165126	-0.163390	-0.158962	-0.155466	-0.147368	-0.153481	-0.153417	-0.154533	0.049929	0.043815	0.056836	0.040176	0.047014	0.045434	0.045251	3.959703	0.048601	0.014696	0.046528	0.046738	0.023716	0.063329	0.056128	0.050482	0.053557	0.048478	
-0.187526	-0.171040	-0.150361	-0.142331	-0.148507	-0.179487	-0.152434	-0.160539	-0.182599	-0.154505	-0.176093	-0.182639	-0.175099	-0.165906	-0.173052	-0.167981	-0.163506	-0.159106	0.051762	0.034390	0.242700	0.037155	0.050860	0.061035	0.052136	0.048601	4.009519	0.010110	0.053206	0.044808	0.039150	0.064482	0.054563	0.047537	0.049394	0.046062	
-0.081064	-0.072405	-0.063175	-0.054909	-0.061031	-0.069910	-0.062636	-0.065888	-0.075216	-0.068327	-0.073528	-0.077055	-0.077193	-0.067951	-0.071702	-0.074315	-0.066789	-0.072073	0.034312	0.019702	0.023796	0.014873	0.010538	0.015709	0.020127	0.014696	0.010110	1.997093	0.013315	0.012593	0.007778	0.006167	0.011894	0.018986	0.014497	0.007528	
-0.205049	-0.189075	-0.167936	-0.156455	-0.160131	-0.191526	-0.170064	-0.170210	-0.191815	-0.163698	-0.186935	-0.184730	-0.183176	-0.171362	-0.187101	-0.175754	-0.170960	-0.180370	0.060772	0.054529	0.048847	0.040773	0.076171	0.055398	0.062215	0.046528	0.053206	0.013315	4.517299	0.059858	0.054152	0.074865	0.060571	0.062285	0.063406	0.060808	
-0.182849	-0.175661	-0.155982	-0.145488	-0.156577	-0.173931	-0.158694	-0.163384	-0.180808	-0.160166	-0.180239	-0.169911	-0.169398	-0.157396	-0.175835	-0.168615	-0.162689	-0.168146	0.057820	0.046425	0.059710	0.050148	0.064184	0.053797	0.053916	0.046738	0.044808	0.012593	0.059858	4.256031	0.041509	0.066327	0.069792	0.046418	0.047600	0.056110	
-0.147896	-0.139991	-0.121988	-0.118622	-0.121639	-0.140446	-0.119481	-0.132806	-0.147505	-0.127612	-0.147532	-0.145329	-0.136460	-0.140455	-0.134756	-0.129810	-0.126689	-0.134570	0.043603	0.025961	0.049199	0.035126	0.049643	0.042288	0.050648	0.023716	0.039150	0.007778	0.054152	0.041509	3.471868	0.055020	0.048111	0.029267	0.044350	0.038133	
-0.205354	-0.205702	-0.182132	-0.165569	-0.187110	-0.200928	-0.186274	-0.179518	-0.208447	-0.183399	-0.205607	-0.203695	-0.197215	-0.193545	-0.202284	-0.190185	-0.183163	-0.195410	0.069764	0.051901	0.068384	0.069588	0.078678	0.058759	0.082922	0.063329	0.064482	0.006167	0.074865	0.066327	0.055020	4.854880	0.057745	0.055769	0.062628	0.061767	
-0.182249	-0.170831	-0.146333	-0.137239	-0.152375	-0.167271	-0.158836	-0.150998	-0.170258	-0.145088	-0.171978	-0.167857	-0.165313	-0.163568	-0.169722	-0.149727	-0.157479	-0.165279	0.056099	0.042194	0.058831	0.041305	0.066365	0.058141	0.054826	0.056128	0.054563	0.011894	0.060571	0.069792	0.048111	0.057745	4.014170	0.047776	0.053163	0.047810	
-0.196089	-0.186768	-0.164173	-0.157164	-0.175732	-0.180279	-0.164476	-0.164595	-0.185694	-0.165188	-0.189225	-0.186732	-0.179850	-0.174373	-0.185230	-0.174495	-0.172790	-0.176065	0.041627	0.046376	0.046467	0.034447	0.367133	0.069451	0.055392	0.050482	0.047537	0.018986	0.062285	0.046418	0.029267	0.055769	0.047776	4.125248	0.055011	0.041869	
-0.190046	-0.183888	-0.151040	-0.150807	-0.161432	-0.180152	-0.162306	-0.157889	-0.189403	-0.165379	-0.179870	-0.182678	-0.181128	-0.170240	-0.170006	-0.166783	-0.161656	-0.174004	0.054310	0.038940	0.058330	0.040932	0.065464	0.053575	0.060460	0.053557	0.049394	0.014497	0.063406	0.047600	0.044350	0.062628	0.053163	0.055011	4.442559	0.041812	
-0.164703	-0.152551	-0.135791	-0.125635	-0.135016	-0.160857	-0.138779	-0.137864	-0.158585	-0.143362	-0.165248	-0.149040	-0.149845	-0.151315	-0.158226	-0.145212	-0.142951	-0.150920	0.044955	0.048174	0.044257	0.042196	0.055457	0.039432	0.052171	0.048478	0.046062	0.007528	0.060808	0.056110	0.038133	0.061767	0.047810	0.041869	0.041812	3.777757	
