0.383448	0.017059	0.017763	0.014609	0.014966	0.019586	0.017093	0.016840	0.018974	0.017128	0.020023	0.017461	0.018400	0.018184	0.014299	0.015536	0.019307	0.015244	-0.028189	-0.024148	-0.029393	-0.023056	-0.033157	-0.027798	-0.027450	-0.025234	-0.028949	-0.012909	-0.030742	-0.027135	-0.022548	-0.030784	-0.027803	-0.030567	-0.028926	-0.025407	
0.017059	0.362062	0.014130	0.010891	0.013629	0.014530	0.013768	0.013360	0.015756	0.014625	0.016951	0.017506	0.014095	0.013701	0.016883	0.015596	0.014903	0.051327	-0.026846	-0.023863	-0.027696	-0.022779	-0.033844	-0.027253	-0.027545	-0.025649	-0.026672	-0.012022	-0.028444	-0.027019	-0.021974	-0.031315	-0.026296	-0.029002	-0.027782	-0.023739	
0.017763	0.014130	0.317909	0.010653	0.013669	0.014497	0.014868	0.011937	0.013975	0.013660	0.016033	0.014186	0.013277	0.012826	0.013074	0.011071	0.013108	0.012653	-0.022349	-0.018868	-0.023078	-0.018936	-0.027114	-0.022443	-0.022968	-0.022045	-0.022411	-0.009674	-0.024264	-0.022619	-0.018126	-0.026732	-0.021670	-0.024970	-0.021720	-0.020349	
0.014609	0.010891	0.010653	0.298527	0.011884	0.014982	0.011200	0.011580	0.012695	0.011436	0.015518	0.012279	0.014746	0.012608	0.012681	0.012729	0.012478	0.010704	-0.020853	-0.017413	-0.020368	-0.017422	-0.025912	-0.020257	-0.021110	-0.019488	-0.021095	-0.008921	-0.022450	-0.021449	-0.018003	-0.024272	-0.019844	-0.023770	-0.021691	-0.018619	
0.014966	0.013629	0.013669	0.011884	0.325167	0.014963	0.012790	0.013373	0.018006	0.012512	0.015469	0.014340	0.016865	0.014266	0.012751	0.012544	0.012329	0.011809	-0.022528	-0.021317	-0.022889	-0.019256	-0.027106	-0.022675	-0.022805	-0.021917	-0.022179	-0.009695	-0.023143	-0.023398	-0.018366	-0.027788	-0.022562	-0.026992	-0.023853	-0.020278	
0.019586	0.014530	0.014497	0.014982	0.014963	0.364017	0.016195	0.018130	0.017972	0.016580	0.017642	0.017329	0.017621	0.017396	0.014520	0.016153	0.015963	0.014489	-0.026361	-0.023058	-0.027681	-0.022096	-0.031940	-0.026750	-0.027072	-0.025390	-0.027522	-0.011501	-0.028499	-0.026073	-0.021345	-0.030279	-0.025445	-0.027720	-0.027002	-0.024821	
0.017093	0.013768	0.014868	0.011200	0.012790	0.016195	0.323841	0.013646	0.017068	0.012748	0.014419	0.014911	0.014733	0.014176	0.014217	0.014007	0.013297	0.012326	-0.024188	-0.019941	-0.023608	-0.019427	-0.027733	-0.022685	-0.023530	-0.021143	-0.022698	-0.010284	-0.025018	-0.023555	-0.018226	-0.027875	-0.024139	-0.024799	-0.023944	-0.020592	
0.016840	0.013360	0.011937	0.011580	0.013373	0.018130	0.013646	0.335147	0.014893	0.013123	0.016363	0.014090	0.014777	0.014281	0.012717	0.012993	0.015227	0.010675	-0.024492	-0.020698	-0.023632	-0.019798	-0.028603	-0.023150	-0.024419	-0.020807	-0.024204	-0.010680	-0.024973	-0.024138	-0.019245	-0.026692	-0.022368	-0.024443	-0.023090	-0.020148	
0.018974	0.015756	0.013975	0.012695	0.018006	0.017972	0.017068	0.014893	0.369610	0.015634	0.017820	0.018139	0.019041	0.017523	0.017341	0.015929	0.014762	0.015679	-0.028224	-0.022175	-0.027114	-0.023693	-0.031339	-0.026716	-0.027342	-0.024235	-0.027502	-0.011774	-0.028468	-0.027098	-0.022745	-0.031302	-0.025842	-0.028509	-0.027686	-0.024249	
0.017128	0.014625	0.013660	0.011436	0.012512	0.016580	0.012748	0.013123	0.015634	0.319001	0.016577	0.015301	0.014998	0.015183	0.014431	0.014955	0.013628	0.013738	-0.023831	-0.019650	-0.024350	-0.019338	-0.027956	-0.023776	-0.024252	-0.020482	-0.023628	-0.011268	-0.023983	-0.023226	-0.019399	-0.027238	-0.022095	-0.025038	-0.024712	-0.021533	
0.020023	0.016951	0.016033	0.015518	0.015469	0.017642	0.014419	0.016363	0.017820	0.016577	0.362348	0.016519	0.018151	0.018159	0.015769	0.016151	0.016022	0.015606	-0.025850	-0.023284	-0.026796	-0.022875	-0.031673	-0.026467	-0.027323	-0.024871	-0.027014	-0.011734	-0.027580	-0.027248	-0.022731	-0.030782	-0.026481	-0.028938	-0.026848	-0.025869	
0.017461	0.017506	0.014186	0.012279	0.014340	0.017329	0.014911	0.014090	0.018139	0.015301	0.016519	0.367600	0.017479	0.016420	0.025630	0.014836	0.016736	0.015025	-0.027227	-0.023148	-0.027376	-0.023037	-0.031367	-0.027102	-0.027622	-0.024715	-0.027641	-0.012664	-0.027193	-0.025297	-0.022284	-0.030727	-0.025496	-0.028503	-0.027721	-0.022868	
0.018400	0.014095	0.013277	0.014746	0.016865	0.017621	0.014733	0.014777	0.019041	0.014998	0.018151	0.017479	0.358964	0.014383	0.014330	0.015705	0.013140	0.014889	-0.026625	-0.022823	-0.025331	-0.020871	-0.030844	-0.025220	-0.025913	-0.024420	-0.026731	-0.012396	-0.027167	-0.025186	-0.020569	-0.029571	-0.025215	-0.027545	-0.026888	-0.022797	
0.018184	0.013701	0.012826	0.012608	0.014266	0.017396	0.014176	0.014281	0.017523	0.015183	0.018159	0.016420	0.014383	0.351902	0.013867	0.013010	0.013230	0.013009	-0.023699	-0.020996	-0.024652	-0.021671	-0.030382	-0.023465	-0.025429	-0.023336	-0.024898	-0.010974	-0.025358	-0.023995	-0.021366	-0.028565	-0.024819	-0.026352	-0.025463	-0.022756	
0.014299	0.016883	0.013074	0.012681	0.012751	0.014520	0.014217	0.012717	0.017341	0.014431	0.015769	0.025630	0.014330	0.013867	0.352875	0.029095	0.014091	0.015327	-0.024597	-0.022117	-0.026601	-0.021721	-0.030891	-0.025347	-0.026650	-0.022324	-0.026307	-0.011464	-0.027852	-0.026575	-0.020740	-0.030660	-0.025829	-0.028693	-0.025170	-0.023922	
0.015536	0.015596	0.011071	0.012729	0.012544	0.016153	0.014007	0.012993	0.015929	0.014955	0.016151	0.014836	0.015705	0.013010	0.029095	0.331234	0.016686	0.015206	-0.024955	-0.020137	-0.023760	-0.021395	-0.028762	-0.024980	-0.025027	-0.023167	-0.025749	-0.012144	-0.026018	-0.025232	-0.019857	-0.029175	-0.022657	-0.026748	-0.025456	-0.022600	
0.019307	0.014903	0.013108	0.012478	0.012329	0.015963	0.013297	0.015227	0.014762	0.013628	0.016022	0.016736	0.013140	0.013230	0.014091	0.016686	0.336709	0.014169	-0.022975	-0.020778	-0.024254	-0.020750	-0.030814	-0.023893	-0.023888	-0.023404	-0.025028	-0.010799	-0.025349	-0.024484	-0.018834	-0.026983	-0.023700	-0.026345	-0.023983	-0.021167	
0.015244	0.051327	0.012653	0.010704	0.011809	0.014489	0.012326	0.010675	0.015679	0.013738	0.015606	0.015025	0.014889	0.013009	0.015327	0.015206	0.014169	0.342090	-0.025924	-0.021371	-0.025264	-0.021283	-0.030418	-0.026842	-0.026041	-0.023570	-0.024716	-0.011970	-0.027334	-0.025264	-0.020904	-0.029644	-0.025631	-0.027167	-0.026134	-0.023445	
-0.028189	-0.026846	-0.022349	-0.020853	-0.022528	-0.026361	-0.024188	-0.024492	-0.028224	-0.023831	-0.025850	-0.027227	-0.026625	-0.023699	-0.024597	-0.024955	-0.022975	-0.025924	0.328888	0.015214	0.016770	0.016273	0.019862	0.019454	0.018634	0.016038	0.016943	0.008767	0.018447	0.017923	0.013834	0.021694	0.016866	0.016415	0.017405	0.014730	
-0.024148	-0.023863	-0.018868	-0.017413	-0.021317	-0.023058	-0.019941	-0.020698	-0.022175	-0.019650	-0.023284	-0.023148	-0.022823	-0.020996	-0.022117	-0.020137	-0.020778	-0.021371	0.015214	0.284635	0.014332	0.012119	0.018992	0.014681	0.014541	0.013666	0.012655	0.006584	0.017014	0.015582	0.010863	0.017818	0.014272	0.015918	0.014871	0.014345	
-0.029393	-0.027696	-0.023078	-0.020368	-0.022889	-0.027681	-0.023608	-0.023632	-0.027114	-0.024350	-0.026796	-0.027376	-0.025331	-0.024652	-0.026601	-0.023760	-0.024254	-0.025264	0.016770	0.014332	0.324172	0.012594	0.018062	0.016804	0.017346	0.016175	0.035558	0.007510	0.017545	0.017738	0.014757	0.019888	0.017459	0.016247	0.017805	0.015165	
-0.023056	-0.022779	-0.018936	-0.017422	-0.019256	-0.022096	-0.019427	-0.019798	-0.023693	-0.019338	-0.022875	-0.023037	-0.020871	-0.021671	-0.021721	-0.021395	-0.020750	-0.021283	0.016273	0.012119	0.012594	0.289364	0.016833	0.014862	0.013762	0.013109	0.013689	0.006076	0.014740	0.015262	0.011727	0.018307	0.013616	0.013422	0.014836	0.013496	
-0.033157	-0.033844	-0.027114	-0.025912	-0.027106	-0.031940	-0.027733	-0.028603	-0.031339	-0.027956	-0.031673	-0.031367	-0.030844	-0.030382	-0.030891	-0.028762	-0.030814	-0.030418	0.019862	0.018992	0.018062	0.016833	0.386294	0.020353	0.019532	0.017639	0.018651	0.007155	0.021844	0.019580	0.016684	0.024140	0.019744	0.049339	0.020393	0.017905	
-0.027798	-0.027253	-0.022443	-0.020257	-0.022675	-0.026750	-0.022685	-0.023150	-0.026716	-0.023776	-0.026467	-0.027102	-0.025220	-0.023465	-0.025347	-0.024980	-0.023893	-0.026842	0.019454	0.014681	0.016804	0.014862	0.020353	0.327705	0.018014	0.014930	0.018570	0.006991	0.017624	0.017207	0.013969	0.019726	0.017411	0.019650	0.018189	0.014533	
-0.027450	-0.027545	-0.022968	-0.021110	-0.022805	-0.027072	-0.023530	-0.024419	-0.027342	-0.024252	-0.027323	-0.027622	-0.025913	-0.025429	-0.026650	-0.025027	-0.023888	-0.026041	0.018634	0.014541	0.017346	0.013762	0.019532	0.018014	0.338010	0.015358	0.017106	0.008208	0.018451	0.016958	0.015291	0.022608	0.017520	0.018360	0.019200	0.016491	
-0.025234	-0.025649	-0.022045	-0.019488	-0.021917	-0.025390	-0.021143	-0.020807	-0.024235	-0.020482	-0.024871	-0.024715	-0.024420	-0.023336	-0.022324	-0.023167	-0.023404	-0.023570	0.016038	0.013666	0.016175	0.013109	0.017639	0.014930	0.015358	0.314648	0.016588	0.006870	0.015852	0.015507	0.011841	0.019147	0.017163	0.016195	0.017073	0.015724	
-0.028949	-0.026672	-0.022411	-0.021095	-0.022179	-0.027522	-0.022698	-0.024204	-0.027502	-0.023628	-0.027014	-0.027641	-0.026731	-0.024898	-0.026307	-0.025749	-0.025028	-0.024716	0.016943	0.012655	0.035558	0.013689	0.018651	0.018570	0.017106	0.016588	0.328058	0.006727	0.017620	0.015721	0.013694	0.020451	0.017438	0.017211	0.016642	0.015652	
-0.012909	-0.012022	-0.009674	-0.008921	-0.009695	-0.011501	-0.010284	-0.010680	-0.011774	-0.011268	-0.011734	-0.012664	-0.012396	-0.010974	-0.011464	-0.012144	-0.010799	-0.011970	0.008767	0.006584	0.007510	0.006076	0.007155	0.006991	0.008208	0.006870	0.006727	0.162533	0.007043	0.007433	0.005630	0.008025	0.006801	0.007986	0.007881	0.005920	
-0.030742	-0.028444	-0.024264	-0.022450	-0.023143	-0.028499	-0.025018	-0.024973	-0.028468	-0.023983	-0.027580	-0.027193	-0.027167	-0.025358	-0.027852	-0.026018	-0.025349	-0.027334	0.018447	0.017014	0.017545	0.014740	0.021844	0.017624	0.018451	0.015852	0.017620	0.007043	0.351285	0.017953	0.015492	0.022710	0.018385	0.020109	0.019048	0.018315	
-0.027135	-0.027019	-0.022619	-0.021449	-0.023398	-0.026073	-0.023555	-0.024138	-0.027098	-0.023226	-0.027248	-0.025297	-0.025186	-0.023995	-0.026575	-0.025232	-0.024484	-0.025264	0.017923	0.015582	0.017738	0.015262	0.019580	0.017207	0.016958	0.015507	0.015721	0.007433	0.017953	0.334606	0.013070	0.021356	0.018479	0.017347	0.017502	0.017070	
-0.022548	-0.021974	-0.018126	-0.018003	-0.018366	-0.021345	-0.018226	-0.019245	-0.022745	-0.019399	-0.022731	-0.022284	-0.020569	-0.021366	-0.020740	-0.019857	-0.018834	-0.020904	0.013834	0.010863	0.014757	0.011727	0.016684	0.013969	0.015291	0.011841	0.013694	0.005630	0.015492	0.013070	0.273225	0.017434	0.015470	0.013410	0.014906	0.012577	
-0.030784	-0.031315	-0.026732	-0.024272	-0.027788	-0.030279	-0.027875	-0.026692	-0.031302	-0.027238	-0.030782	-0.030727	-0.029571	-0.028565	-0.030660	-0.029175	-0.026983	-0.029644	0.021694	0.017818	0.019888	0.018307	0.024140	0.019726	0.022608	0.019147	0.020451	0.008025	0.022710	0.021356	0.017434	0.376070	0.019342	0.020586	0.020366	0.018750	
-0.027803	-0.026296	-0.021670	-0.019844	-0.022562	-0.025445	-0.024139	-0.022368	-0.025842	-0.022095	-0.026481	-0.025496	-0.025215	-0.024819	-0.025829	-0.022657	-0.023700	-0.025631	0.016866	0.014272	0.017459	0.013616	0.019744	0.017411	0.017520	0.017163	0.017438	0.006801	0.018385	0.018479	0.015470	0.019342	0.317663	0.016764	0.017079	0.015252	
-0.030567	-0.029002	-0.024970	-0.023770	-0.026992	-0.027720	-0.024799	-0.024443	-0.028509	-0.025038	-0.028938	-0.028503	-0.027545	-0.026352	-0.028693	-0.026748	-0.026345	-0.027167	0.016415	0.015918	0.016247	0.013422	0.049339	0.019650	0.018360	0.016195	0.017211	0.007986	0.020109	0.017347	0.013410	0.020586	0.016764	0.345619	0.018540	0.015792	
-0.028926	-0.027782	-0.021720	-0.021691	-0.023853	-0.027002	-0.023944	-0.023090	-0.027686	-0.024712	-0.026848	-0.027721	-0.026888	-0.025463	-0.025170	-0.025456	-0.023983	-0.026134	0.017405	0.014871	0.017805	0.014836	0.020393	0.018189	0.019200	0.017073	0.016642	0.007881	0.019048	0.017502	0.014906	0.020366	0.017079	0.018540	0.342504	0.015083	
-0.025407	-0.023739	-0.020349	-0.018619	-0.020278	-0.024821	-0.020592	-0.020148	-0.024249	-0.021533	-0.025869	-0.022868	-0.022797	-0.022756	-0.023922	-0.022600	-0.021167	-0.023445	0.014730	0.014345	0.015165	0.013496	0.017905	0.014533	0.016491	0.015724	0.015652	0.005920	0.018315	0.017070	0.012577	0.018750	0.015252	0.015792	0.015083	0.296713	
