0.448496	0.020667	0.020015	0.015546	0.015361	0.022149	0.018760	0.017965	0.021710	0.017849	0.022427	0.020365	0.020650	0.020290	0.016355	0.016667	0.021761	0.017961	-0.032300	-0.027834	-0.033551	-0.026699	-0.036090	-0.030859	-0.030660	-0.028649	-0.033006	-0.018595	-0.033405	-0.030382	-0.027393	-0.033884	-0.032506	-0.034142	-0.031694	-0.029100	
0.020667	0.432404	0.015664	0.010466	0.015165	0.016909	0.014860	0.015233	0.018656	0.016356	0.018965	0.019979	0.015759	0.016508	0.018579	0.017200	0.017468	0.056721	-0.030091	-0.028672	-0.031531	-0.027245	-0.036913	-0.031900	-0.031308	-0.029924	-0.031774	-0.016983	-0.031414	-0.030753	-0.026816	-0.034707	-0.030281	-0.032661	-0.030825	-0.027561	
0.020015	0.015664	0.387954	0.011753	0.014120	0.014755	0.016673	0.013969	0.014666	0.014333	0.017074	0.015333	0.014058	0.014150	0.014866	0.011737	0.014265	0.014328	-0.025843	-0.021523	-0.026161	-0.021598	-0.030333	-0.025802	-0.025822	-0.025327	-0.025485	-0.011905	-0.027269	-0.026024	-0.021592	-0.029760	-0.025014	-0.028545	-0.024391	-0.023343	
0.015546	0.010466	0.011753	0.366987	0.011984	0.015550	0.011854	0.012095	0.013375	0.012387	0.016090	0.013328	0.016821	0.013880	0.013939	0.014092	0.014724	0.011755	-0.023373	-0.019417	-0.023676	-0.020775	-0.029539	-0.023083	-0.023774	-0.021835	-0.023175	-0.010703	-0.025352	-0.024647	-0.020550	-0.027246	-0.022805	-0.026891	-0.024545	-0.021747	
0.015361	0.015165	0.014120	0.011984	0.392987	0.016240	0.013521	0.014097	0.019066	0.012756	0.017057	0.015461	0.018035	0.015751	0.013930	0.013163	0.013796	0.013130	-0.026036	-0.024384	-0.026062	-0.021630	-0.029650	-0.025848	-0.025475	-0.024848	-0.025226	-0.011952	-0.025216	-0.026494	-0.020793	-0.030696	-0.025323	-0.030093	-0.026435	-0.022967	
0.022149	0.016909	0.014755	0.015550	0.016240	0.433435	0.017728	0.019704	0.020839	0.017751	0.019850	0.020544	0.019196	0.019842	0.016635	0.017415	0.017726	0.016229	-0.029468	-0.026956	-0.031389	-0.026360	-0.034905	-0.030491	-0.030161	-0.029651	-0.030816	-0.015544	-0.031943	-0.029766	-0.025523	-0.033297	-0.029673	-0.031295	-0.029547	-0.028995	
0.018760	0.014860	0.016673	0.011854	0.013521	0.017728	0.393196	0.014565	0.018761	0.013501	0.015629	0.016367	0.016127	0.015811	0.015797	0.015118	0.013986	0.013262	-0.027055	-0.023377	-0.026833	-0.022562	-0.031005	-0.025643	-0.026655	-0.024118	-0.025764	-0.012738	-0.027941	-0.027411	-0.021579	-0.030666	-0.028485	-0.027657	-0.026142	-0.023287	
0.017965	0.015233	0.013969	0.012095	0.014097	0.019704	0.014565	0.402412	0.017078	0.013261	0.018378	0.016053	0.017082	0.016052	0.014740	0.014937	0.016925	0.011827	-0.027806	-0.023631	-0.027088	-0.022656	-0.032674	-0.026495	-0.027930	-0.023892	-0.027754	-0.013678	-0.028254	-0.028030	-0.022767	-0.029914	-0.026028	-0.027387	-0.025610	-0.023571	
0.021710	0.018656	0.014666	0.013375	0.019066	0.020839	0.018761	0.017078	0.437276	0.016889	0.020023	0.020527	0.020841	0.019855	0.020322	0.017354	0.015785	0.018385	-0.031992	-0.025908	-0.031100	-0.027032	-0.033799	-0.029910	-0.031125	-0.027991	-0.031591	-0.017339	-0.031974	-0.030832	-0.026764	-0.034524	-0.029909	-0.031487	-0.031473	-0.028020	
0.017849	0.016356	0.014333	0.012387	0.012756	0.017751	0.013501	0.013261	0.016889	0.389292	0.018349	0.017206	0.016616	0.015731	0.015805	0.016716	0.014461	0.014801	-0.027091	-0.023281	-0.027685	-0.022029	-0.030589	-0.026801	-0.026778	-0.024125	-0.026922	-0.014100	-0.027000	-0.025756	-0.022358	-0.030730	-0.024701	-0.027883	-0.027928	-0.023658	
0.022427	0.018965	0.017074	0.016090	0.017057	0.019850	0.015629	0.018378	0.020023	0.018349	0.430494	0.018314	0.020159	0.020601	0.017963	0.018188	0.018033	0.018286	-0.029569	-0.027334	-0.030324	-0.027190	-0.034598	-0.030461	-0.031283	-0.029709	-0.030640	-0.015310	-0.030936	-0.031267	-0.026572	-0.033296	-0.030518	-0.031936	-0.030012	-0.029679	
0.020365	0.019979	0.015333	0.013328	0.015461	0.020544	0.016367	0.016053	0.020527	0.017206	0.018314	0.432596	0.019861	0.018495	0.029066	0.016301	0.018027	0.017317	-0.031252	-0.027691	-0.031016	-0.027678	-0.033642	-0.030730	-0.031246	-0.028680	-0.031055	-0.017343	-0.030053	-0.028590	-0.026257	-0.034294	-0.029431	-0.031621	-0.031579	-0.026682	
0.020650	0.015759	0.014058	0.016821	0.018035	0.019196	0.016127	0.017082	0.020841	0.016616	0.020159	0.019861	0.423735	0.015748	0.016128	0.017140	0.014783	0.016917	-0.029422	-0.026502	-0.028413	-0.024797	-0.033824	-0.028797	-0.028322	-0.027987	-0.030230	-0.016912	-0.030818	-0.028728	-0.024981	-0.031910	-0.029059	-0.030330	-0.030098	-0.026659	
0.020290	0.016508	0.014150	0.013880	0.015751	0.019842	0.015811	0.016052	0.019855	0.015731	0.020601	0.018495	0.015748	0.419760	0.016278	0.014083	0.014730	0.014851	-0.026545	-0.024076	-0.028277	-0.025828	-0.033775	-0.026926	-0.029337	-0.026976	-0.029117	-0.014196	-0.028612	-0.027776	-0.025005	-0.032371	-0.028660	-0.029757	-0.028635	-0.026669	
0.016355	0.018579	0.014866	0.013939	0.013930	0.016635	0.015797	0.014740	0.020322	0.015805	0.017963	0.029066	0.016128	0.016278	0.422971	0.032644	0.016466	0.016791	-0.028002	-0.026948	-0.030025	-0.026046	-0.034562	-0.029272	-0.030619	-0.026392	-0.029379	-0.015609	-0.031731	-0.030968	-0.025558	-0.034791	-0.028907	-0.032818	-0.028256	-0.027908	
0.016667	0.017200	0.011737	0.014092	0.013163	0.017415	0.015118	0.014937	0.017354	0.016716	0.018188	0.016301	0.017140	0.014083	0.032644	0.403139	0.018688	0.018023	-0.027996	-0.023923	-0.027336	-0.025106	-0.031756	-0.028435	-0.028280	-0.026356	-0.029358	-0.015340	-0.028808	-0.029751	-0.023642	-0.033122	-0.025926	-0.030508	-0.028803	-0.026589	
0.021761	0.017468	0.014265	0.014724	0.013796	0.017726	0.013986	0.016925	0.015785	0.014461	0.018033	0.018027	0.014783	0.014730	0.016466	0.018688	0.404385	0.015841	-0.026255	-0.024341	-0.027579	-0.024445	-0.034287	-0.027686	-0.027225	-0.026555	-0.029105	-0.013993	-0.028074	-0.027778	-0.022660	-0.030187	-0.027088	-0.030561	-0.027209	-0.024630	
0.017961	0.056721	0.014328	0.011755	0.013130	0.016229	0.013262	0.011827	0.018385	0.014801	0.018286	0.017317	0.016917	0.014851	0.016791	0.018023	0.015841	0.413006	-0.029575	-0.025984	-0.029411	-0.025285	-0.033947	-0.030933	-0.030370	-0.027454	-0.028196	-0.015607	-0.030898	-0.028837	-0.025075	-0.033608	-0.029197	-0.031256	-0.030178	-0.027118	
-0.032300	-0.030091	-0.025843	-0.023373	-0.026036	-0.029468	-0.027055	-0.027806	-0.031992	-0.027091	-0.029569	-0.031252	-0.029422	-0.026545	-0.028002	-0.027996	-0.026255	-0.029575	0.401469	0.016292	0.018653	0.018099	0.020809	0.020543	0.020435	0.017957	0.017944	0.010646	0.019922	0.019256	0.015335	0.023670	0.017890	0.017494	0.018251	0.015741	
-0.027834	-0.028672	-0.021523	-0.019417	-0.024384	-0.026956	-0.023377	-0.023631	-0.025908	-0.023281	-0.027334	-0.027691	-0.026502	-0.024076	-0.026948	-0.023923	-0.024341	-0.025984	0.016292	0.357165	0.015056	0.014079	0.020463	0.016057	0.015731	0.015016	0.013312	0.009805	0.018993	0.018269	0.013196	0.019155	0.017020	0.017221	0.017103	0.016431	
-0.033551	-0.031531	-0.026161	-0.023676	-0.026062	-0.031389	-0.026833	-0.027088	-0.031100	-0.027685	-0.030324	-0.031016	-0.028413	-0.028277	-0.030025	-0.027336	-0.027579	-0.029411	0.018653	0.015056	0.393288	0.014209	0.019325	0.019220	0.017785	0.017216	0.039043	0.009250	0.018671	0.019813	0.017496	0.022041	0.020052	0.017861	0.018545	0.016575	
-0.026699	-0.027245	-0.021598	-0.020775	-0.021630	-0.026360	-0.022562	-0.022656	-0.027032	-0.022029	-0.027190	-0.027678	-0.024797	-0.025828	-0.026046	-0.025106	-0.024445	-0.025285	0.018099	0.014079	0.014209	0.358237	0.017969	0.016799	0.015408	0.015772	0.015439	0.009249	0.015274	0.017757	0.014740	0.019941	0.014905	0.014697	0.016285	0.015219	
-0.036090	-0.036913	-0.030333	-0.029539	-0.029650	-0.034905	-0.031005	-0.032674	-0.033799	-0.030589	-0.034598	-0.033642	-0.033824	-0.033775	-0.034562	-0.031756	-0.034287	-0.033947	0.020809	0.020463	0.019325	0.017969	0.454194	0.022104	0.021034	0.018789	0.019869	0.006827	0.023101	0.020351	0.018456	0.024984	0.021245	0.053434	0.021066	0.018964	
-0.030859	-0.031900	-0.025802	-0.023083	-0.025848	-0.030491	-0.025643	-0.026495	-0.029910	-0.026801	-0.030461	-0.030730	-0.028797	-0.026926	-0.029272	-0.028435	-0.027686	-0.030933	0.020543	0.016057	0.019220	0.016799	0.022104	0.396504	0.019734	0.016147	0.020726	0.009900	0.018447	0.018744	0.015828	0.021000	0.019609	0.021545	0.019750	0.015666	
-0.030660	-0.031308	-0.025822	-0.023774	-0.025475	-0.030161	-0.026655	-0.027930	-0.031125	-0.026778	-0.031283	-0.031246	-0.028322	-0.029337	-0.030619	-0.028280	-0.027225	-0.030370	0.020435	0.015731	0.017785	0.015408	0.021034	0.019734	0.406658	0.016855	0.018184	0.009370	0.019404	0.019263	0.017456	0.025150	0.019195	0.019994	0.020430	0.017614	
-0.028649	-0.029924	-0.025327	-0.021835	-0.024848	-0.029651	-0.024118	-0.023892	-0.027991	-0.024125	-0.029709	-0.028680	-0.027987	-0.026976	-0.026392	-0.026356	-0.026555	-0.027454	0.017957	0.015016	0.017216	0.015772	0.018789	0.016147	0.016855	0.383299	0.018985	0.010186	0.016473	0.016215	0.014233	0.021067	0.019384	0.016902	0.018942	0.018678	
-0.033006	-0.031774	-0.025485	-0.023175	-0.025226	-0.030816	-0.025764	-0.027754	-0.031591	-0.026922	-0.030640	-0.031055	-0.030230	-0.029117	-0.029379	-0.029358	-0.029105	-0.028196	0.017944	0.013312	0.039043	0.015439	0.019869	0.020726	0.018184	0.018985	0.397186	0.008482	0.018866	0.017777	0.015401	0.022279	0.019604	0.018989	0.017690	0.017411	
-0.018595	-0.016983	-0.011905	-0.010703	-0.011952	-0.015544	-0.012738	-0.013678	-0.017339	-0.014100	-0.015310	-0.017343	-0.016912	-0.014196	-0.015609	-0.015340	-0.013993	-0.015607	0.010646	0.009805	0.009250	0.009249	0.006827	0.009900	0.009370	0.010186	0.008482	0.224241	0.007530	0.009576	0.009664	0.008508	0.009376	0.009388	0.009547	0.008422	
-0.033405	-0.031414	-0.027269	-0.025352	-0.025216	-0.031943	-0.027941	-0.028254	-0.031974	-0.027000	-0.030936	-0.030053	-0.030818	-0.028612	-0.031731	-0.028808	-0.028074	-0.030898	0.019922	0.018993	0.018671	0.015274	0.023101	0.018447	0.019404	0.016473	0.018866	0.007530	0.420991	0.018662	0.017029	0.023980	0.020475	0.021580	0.019814	0.020979	
-0.030382	-0.030753	-0.026024	-0.024647	-0.026494	-0.029766	-0.027411	-0.028030	-0.030832	-0.025756	-0.031267	-0.028590	-0.028728	-0.027776	-0.030968	-0.029751	-0.027778	-0.028837	0.019256	0.018269	0.019813	0.017757	0.020351	0.018744	0.019263	0.016215	0.017777	0.009576	0.018662	0.403048	0.015197	0.022848	0.020582	0.019441	0.019090	0.019423	
-0.027393	-0.026816	-0.021592	-0.020550	-0.020793	-0.025523	-0.021579	-0.022767	-0.026764	-0.022358	-0.026572	-0.026257	-0.024981	-0.025005	-0.025558	-0.023642	-0.022660	-0.025075	0.015335	0.013196	0.017496	0.014740	0.018456	0.015828	0.017456	0.014233	0.015401	0.009664	0.017029	0.015197	0.336538	0.018795	0.018031	0.015024	0.016554	0.015181	
-0.033884	-0.034707	-0.029760	-0.027246	-0.030696	-0.033297	-0.030666	-0.029914	-0.034524	-0.030730	-0.033296	-0.034294	-0.031910	-0.032371	-0.034791	-0.033122	-0.030187	-0.033608	0.023670	0.019155	0.022041	0.019941	0.024984	0.021000	0.025150	0.021067	0.022279	0.008508	0.023980	0.022848	0.018795	0.442225	0.020433	0.021683	0.021551	0.020805	
-0.032506	-0.030281	-0.025014	-0.022805	-0.025323	-0.029673	-0.028485	-0.026028	-0.029909	-0.024701	-0.030518	-0.029431	-0.029059	-0.028660	-0.028907	-0.025926	-0.027088	-0.029197	0.017890	0.017020	0.020052	0.014905	0.021245	0.019609	0.019195	0.019384	0.019604	0.009376	0.020475	0.020582	0.018031	0.020433	0.384202	0.017347	0.018949	0.017314	
-0.034142	-0.032661	-0.028545	-0.026891	-0.030093	-0.031295	-0.027657	-0.027387	-0.031487	-0.027883	-0.031936	-0.031621	-0.030330	-0.029757	-0.032818	-0.030508	-0.030561	-0.031256	0.017494	0.017221	0.017861	0.014697	0.053434	0.021545	0.019994	0.016902	0.018989	0.009388	0.021580	0.019441	0.015024	0.021683	0.017347	0.413844	0.019894	0.017413	
-0.031694	-0.030825	-0.024391	-0.024545	-0.026435	-0.029547	-0.026142	-0.025610	-0.031473	-0.027928	-0.030012	-0.031579	-0.030098	-0.028635	-0.028256	-0.028803	-0.027209	-0.030178	0.018251	0.017103	0.018545	0.016285	0.021066	0.019750	0.020430	0.018942	0.017690	0.009547	0.019814	0.019090	0.016554	0.021551	0.018949	0.019894	0.408299	0.015750	
-0.029100	-0.027561	-0.023343	-0.021747	-0.022967	-0.028995	-0.023287	-0.023571	-0.028020	-0.023658	-0.029679	-0.026682	-0.026659	-0.026669	-0.027908	-0.026589	-0.024630	-0.027118	0.015741	0.016431	0.016575	0.015219	0.018964	0.015666	0.017614	0.018678	0.017411	0.008422	0.020979	0.019423	0.015181	0.020805	0.017314	0.017413	0.015750	0.361198	
