0.255277	0.010950	0.010947	0.009291	0.009139	0.011485	0.010297	0.010559	0.011595	0.010710	0.012746	0.011117	0.010710	0.011506	0.008985	0.009545	0.011020	0.008889	-0.016978	-0.015431	-0.018394	-0.014524	-0.021340	-0.017164	-0.017467	-0.016099	-0.018797	-0.008856	-0.019853	-0.016967	-0.014415	-0.019536	-0.017637	-0.019588	-0.017946	-0.016138	
0.010950	0.241035	0.008748	0.006971	0.008704	0.009171	0.008636	0.008357	0.009223	0.008506	0.010331	0.010301	0.008644	0.008946	0.010287	0.009432	0.009782	0.030301	-0.016804	-0.015020	-0.017578	-0.014369	-0.021508	-0.017468	-0.016889	-0.016416	-0.016969	-0.008230	-0.018354	-0.017104	-0.013639	-0.019859	-0.016883	-0.018047	-0.017363	-0.015305	
0.010947	0.008748	0.212738	0.006489	0.007730	0.008070	0.008971	0.007721	0.008864	0.007720	0.009603	0.008329	0.008531	0.007080	0.008076	0.006598	0.007821	0.007273	-0.013925	-0.012091	-0.014777	-0.012004	-0.016842	-0.013923	-0.014253	-0.013647	-0.014399	-0.006274	-0.015143	-0.014252	-0.011502	-0.016395	-0.014171	-0.015066	-0.013268	-0.013009	
0.009291	0.006971	0.006489	0.200081	0.007291	0.008444	0.006901	0.007252	0.007838	0.006567	0.009361	0.007874	0.009263	0.007569	0.007253	0.007087	0.007397	0.006220	-0.012962	-0.011039	-0.012660	-0.010837	-0.016500	-0.012803	-0.013191	-0.012146	-0.013606	-0.006436	-0.014480	-0.013511	-0.011595	-0.015015	-0.013053	-0.014322	-0.013144	-0.011807	
0.009139	0.008704	0.007730	0.007291	0.215872	0.009089	0.006632	0.007913	0.010825	0.007418	0.009555	0.009180	0.010274	0.008287	0.007676	0.007984	0.007317	0.006501	-0.013884	-0.013461	-0.013747	-0.012259	-0.016757	-0.014273	-0.014348	-0.013828	-0.013778	-0.006390	-0.014716	-0.014797	-0.011576	-0.017332	-0.014665	-0.016698	-0.014813	-0.012130	
0.011485	0.009171	0.008070	0.008444	0.009089	0.239315	0.009777	0.010621	0.010947	0.009250	0.010968	0.010979	0.010557	0.010897	0.009263	0.010837	0.009549	0.008915	-0.015966	-0.014302	-0.017174	-0.013942	-0.019789	-0.016494	-0.017158	-0.015601	-0.017165	-0.007684	-0.017840	-0.016543	-0.013547	-0.018607	-0.016387	-0.017264	-0.016640	-0.016372	
0.010297	0.008636	0.008971	0.006901	0.006632	0.009777	0.216702	0.008229	0.009826	0.007546	0.008530	0.008526	0.009193	0.008757	0.008130	0.007749	0.007764	0.007502	-0.015082	-0.011986	-0.014352	-0.012012	-0.017408	-0.014335	-0.014871	-0.012960	-0.014393	-0.007235	-0.015387	-0.014537	-0.011415	-0.017023	-0.014987	-0.015327	-0.014854	-0.013152	
0.010559	0.008357	0.007721	0.007252	0.007913	0.010621	0.008229	0.224110	0.008945	0.008659	0.010016	0.008799	0.008751	0.008484	0.007299	0.007472	0.009337	0.006635	-0.015085	-0.013135	-0.014711	-0.012915	-0.017963	-0.014811	-0.015077	-0.012875	-0.015071	-0.007606	-0.015726	-0.015321	-0.012020	-0.017176	-0.014228	-0.015338	-0.014547	-0.013497	
0.011595	0.009223	0.008864	0.007838	0.010825	0.010947	0.009826	0.008945	0.243073	0.009292	0.010660	0.010494	0.011458	0.010711	0.010130	0.009568	0.008711	0.009190	-0.017121	-0.013540	-0.016226	-0.014824	-0.019297	-0.016788	-0.016683	-0.014956	-0.017278	-0.007980	-0.017764	-0.016946	-0.014078	-0.019606	-0.016032	-0.017715	-0.017541	-0.015438	
0.010710	0.008506	0.007720	0.006567	0.007418	0.009250	0.007546	0.008659	0.009292	0.209908	0.010349	0.009002	0.009114	0.008946	0.008310	0.009099	0.007890	0.008150	-0.014809	-0.012045	-0.015210	-0.012039	-0.017317	-0.014606	-0.015197	-0.012860	-0.014448	-0.007461	-0.014599	-0.014210	-0.011745	-0.016935	-0.013883	-0.015087	-0.015510	-0.013522	
0.012746	0.010331	0.009603	0.009361	0.009555	0.010968	0.008530	0.010016	0.010660	0.010349	0.240832	0.010564	0.011367	0.011012	0.009424	0.010274	0.010383	0.009444	-0.015851	-0.014834	-0.017092	-0.014048	-0.020483	-0.017327	-0.017389	-0.016022	-0.017206	-0.007695	-0.017985	-0.017071	-0.014407	-0.019007	-0.017625	-0.018241	-0.016652	-0.016067	
0.011117	0.010301	0.008329	0.007874	0.009180	0.010979	0.008526	0.008799	0.010494	0.009002	0.010564	0.241259	0.010682	0.009928	0.015426	0.008979	0.010148	0.008514	-0.016421	-0.014424	-0.016985	-0.014304	-0.019120	-0.016969	-0.017243	-0.015505	-0.017830	-0.008167	-0.017495	-0.016176	-0.014505	-0.019002	-0.015966	-0.017467	-0.017725	-0.014166	
0.010710	0.008644	0.008531	0.009263	0.010274	0.010557	0.009193	0.008751	0.011458	0.009114	0.011367	0.010682	0.237843	0.009168	0.008871	0.010127	0.007994	0.008735	-0.016240	-0.014260	-0.015687	-0.013232	-0.019396	-0.015413	-0.016062	-0.015528	-0.017019	-0.007960	-0.017705	-0.015982	-0.013377	-0.018753	-0.016722	-0.017242	-0.016973	-0.014809	
0.011506	0.008946	0.007080	0.007569	0.008287	0.010897	0.008757	0.008484	0.010711	0.008946	0.011012	0.009928	0.009168	0.234586	0.008930	0.007921	0.008089	0.008058	-0.014708	-0.013449	-0.015818	-0.013239	-0.018962	-0.014778	-0.015622	-0.014703	-0.015630	-0.007699	-0.016720	-0.015076	-0.013968	-0.018222	-0.016186	-0.016686	-0.015764	-0.014355	
0.008985	0.010287	0.008076	0.007253	0.007676	0.009263	0.008130	0.007299	0.010130	0.008310	0.009424	0.015426	0.008871	0.008930	0.232304	0.017026	0.008514	0.009328	-0.014991	-0.013747	-0.016707	-0.013060	-0.019268	-0.015997	-0.016342	-0.013850	-0.016273	-0.007686	-0.017693	-0.016829	-0.013085	-0.018493	-0.016782	-0.017694	-0.015837	-0.014748	
0.009545	0.009432	0.006598	0.007087	0.007984	0.010837	0.007749	0.007472	0.009568	0.009099	0.010274	0.008979	0.010127	0.007921	0.017026	0.221911	0.009715	0.009293	-0.015021	-0.012940	-0.014603	-0.013005	-0.018414	-0.015341	-0.015809	-0.014968	-0.016350	-0.008115	-0.016436	-0.016104	-0.012879	-0.017685	-0.014894	-0.016356	-0.016506	-0.014234	
0.011020	0.009782	0.007821	0.007397	0.007317	0.009549	0.007764	0.009337	0.008711	0.007890	0.010383	0.010148	0.007994	0.008089	0.008514	0.009715	0.225204	0.008630	-0.014075	-0.013483	-0.015085	-0.012695	-0.019063	-0.014848	-0.014883	-0.014701	-0.015407	-0.006718	-0.016276	-0.015343	-0.012257	-0.017455	-0.015382	-0.016789	-0.014859	-0.013345	
0.008889	0.030301	0.007273	0.006220	0.006501	0.008915	0.007502	0.006635	0.009190	0.008150	0.009444	0.008514	0.008735	0.008058	0.009328	0.009293	0.008630	0.229215	-0.016054	-0.013274	-0.015894	-0.013289	-0.018907	-0.016297	-0.016040	-0.014689	-0.015547	-0.008044	-0.016751	-0.016158	-0.013147	-0.018450	-0.015906	-0.016660	-0.016136	-0.014945	
-0.016978	-0.016804	-0.013925	-0.012962	-0.013884	-0.015966	-0.015082	-0.015085	-0.017121	-0.014809	-0.015851	-0.016421	-0.016240	-0.014708	-0.014991	-0.015021	-0.014075	-0.016054	0.222342	0.008781	0.009254	0.009704	0.011684	0.011357	0.010493	0.009541	0.009244	0.005351	0.011020	0.010117	0.007961	0.012444	0.009644	0.009298	0.009953	0.008964	
-0.015431	-0.015020	-0.012091	-0.011039	-0.013461	-0.014302	-0.011986	-0.013135	-0.013540	-0.012045	-0.014834	-0.014424	-0.014260	-0.013449	-0.013747	-0.012940	-0.013483	-0.013274	0.008781	0.193575	0.008609	0.007302	0.011615	0.008144	0.008427	0.008120	0.007936	0.004211	0.010844	0.009706	0.006330	0.010708	0.008783	0.009236	0.008409	0.008507	
-0.018394	-0.017578	-0.014777	-0.012660	-0.013747	-0.017174	-0.014352	-0.014711	-0.016226	-0.015210	-0.017092	-0.016985	-0.015687	-0.015818	-0.016707	-0.014603	-0.015085	-0.015894	0.009254	0.008609	0.220123	0.007375	0.010869	0.009706	0.010247	0.009515	0.021242	0.004314	0.010138	0.010793	0.008804	0.011534	0.010878	0.009183	0.010941	0.009237	
-0.014524	-0.014369	-0.012004	-0.010837	-0.012259	-0.013942	-0.012012	-0.012915	-0.014824	-0.012039	-0.014048	-0.014304	-0.013232	-0.013239	-0.013060	-0.013005	-0.012695	-0.013289	0.009704	0.007302	0.007375	0.198491	0.009795	0.008128	0.007952	0.007384	0.008136	0.003629	0.008630	0.008795	0.007052	0.011008	0.007646	0.007946	0.008901	0.007969	
-0.021340	-0.021508	-0.016842	-0.016500	-0.016757	-0.019789	-0.017408	-0.017963	-0.019297	-0.017317	-0.020483	-0.019120	-0.019396	-0.018962	-0.019268	-0.018414	-0.019063	-0.018907	0.011684	0.011615	0.010869	0.009795	0.265063	0.012436	0.011839	0.010212	0.010647	0.004795	0.012660	0.011210	0.009749	0.014085	0.011782	0.030299	0.011679	0.010448	
-0.017164	-0.017468	-0.013923	-0.012803	-0.014273	-0.016494	-0.014335	-0.014811	-0.016788	-0.014606	-0.017327	-0.016969	-0.015413	-0.014778	-0.015997	-0.015341	-0.014848	-0.016297	0.011357	0.008144	0.009706	0.008128	0.012436	0.225338	0.010992	0.009045	0.010853	0.004029	0.010732	0.010419	0.008383	0.011362	0.010258	0.011850	0.010455	0.008818	
-0.017467	-0.016889	-0.014253	-0.013191	-0.014348	-0.017158	-0.014871	-0.015077	-0.016683	-0.015197	-0.017389	-0.017243	-0.016062	-0.015622	-0.016342	-0.015809	-0.014883	-0.016040	0.010493	0.008427	0.010247	0.007952	0.011839	0.010992	0.232692	0.009183	0.010310	0.005545	0.010351	0.010204	0.008942	0.012459	0.010587	0.010070	0.010807	0.009769	
-0.016099	-0.016416	-0.013647	-0.012146	-0.013828	-0.015601	-0.012960	-0.012875	-0.014956	-0.012860	-0.016022	-0.015505	-0.015528	-0.014703	-0.013850	-0.014968	-0.014701	-0.014689	0.009541	0.008120	0.009515	0.007384	0.010212	0.009045	0.009183	0.216132	0.009936	0.004540	0.009950	0.009263	0.006633	0.011233	0.010139	0.009362	0.009743	0.009488	
-0.018797	-0.016969	-0.014399	-0.013606	-0.013778	-0.017165	-0.014393	-0.015071	-0.017278	-0.014448	-0.017206	-0.017830	-0.017019	-0.015630	-0.016273	-0.016350	-0.015407	-0.015547	0.009244	0.007936	0.021242	0.008136	0.010647	0.010853	0.010310	0.009936	0.227818	0.004316	0.010621	0.009736	0.008584	0.012350	0.011073	0.009699	0.010132	0.008441	
-0.008856	-0.008230	-0.006274	-0.006436	-0.006390	-0.007684	-0.007235	-0.007606	-0.007980	-0.007461	-0.007695	-0.008167	-0.007960	-0.007699	-0.007686	-0.008115	-0.006718	-0.008044	0.005351	0.004211	0.004314	0.003629	0.004795	0.004029	0.005545	0.004540	0.004316	0.116281	0.004680	0.004597	0.003647	0.005561	0.004534	0.005258	0.005117	0.003972	
-0.019853	-0.018354	-0.015143	-0.014480	-0.014716	-0.017840	-0.015387	-0.015726	-0.017764	-0.014599	-0.017985	-0.017495	-0.017705	-0.016720	-0.017693	-0.016436	-0.016276	-0.016751	0.011020	0.010844	0.010138	0.008630	0.012660	0.010732	0.010351	0.009950	0.010621	0.004680	0.247462	0.010651	0.009229	0.013195	0.011233	0.011716	0.010841	0.010699	
-0.016967	-0.017104	-0.014252	-0.013511	-0.014797	-0.016543	-0.014537	-0.015321	-0.016946	-0.014210	-0.017071	-0.016176	-0.015982	-0.015076	-0.016829	-0.016104	-0.015343	-0.016158	0.010117	0.009706	0.010793	0.008795	0.011210	0.010419	0.010204	0.009263	0.009736	0.004597	0.010651	0.234788	0.007653	0.012068	0.010720	0.009944	0.009934	0.009725	
-0.014415	-0.013639	-0.011502	-0.011595	-0.011576	-0.013547	-0.011415	-0.012020	-0.014078	-0.011745	-0.014407	-0.014505	-0.013377	-0.013968	-0.013085	-0.012879	-0.012257	-0.013147	0.007961	0.006330	0.008804	0.007052	0.009749	0.008383	0.008942	0.006633	0.008584	0.003647	0.009229	0.007653	0.194029	0.010310	0.009499	0.007481	0.008518	0.007369	
-0.019536	-0.019859	-0.016395	-0.015015	-0.017332	-0.018607	-0.017023	-0.017176	-0.019606	-0.016935	-0.019007	-0.019002	-0.018753	-0.018222	-0.018493	-0.017685	-0.017455	-0.018450	0.012444	0.010708	0.011534	0.011008	0.014085	0.011362	0.012459	0.011233	0.012350	0.005561	0.013195	0.012068	0.010310	0.260534	0.011947	0.011703	0.011173	0.011146	
-0.017637	-0.016883	-0.014171	-0.013053	-0.014665	-0.016387	-0.014987	-0.014228	-0.016032	-0.013883	-0.017625	-0.015966	-0.016722	-0.016186	-0.016782	-0.014894	-0.015382	-0.015906	0.009644	0.008783	0.010878	0.007646	0.011782	0.010258	0.010587	0.010139	0.011073	0.004534	0.011233	0.010720	0.009499	0.011947	0.227391	0.009652	0.009978	0.009338	
-0.019588	-0.018047	-0.015066	-0.014322	-0.016698	-0.017264	-0.015327	-0.015338	-0.017715	-0.015087	-0.018241	-0.017467	-0.017242	-0.016686	-0.017694	-0.016356	-0.016789	-0.016660	0.009298	0.009236	0.009183	0.007946	0.030299	0.011850	0.010070	0.009362	0.009699	0.005258	0.011716	0.009944	0.007481	0.011703	0.009652	0.237822	0.010595	0.009384	
-0.017946	-0.017363	-0.013268	-0.013144	-0.014813	-0.016640	-0.014854	-0.014547	-0.017541	-0.015510	-0.016652	-0.017725	-0.016973	-0.015764	-0.015837	-0.016506	-0.014859	-0.016136	0.009953	0.008409	0.010941	0.008901	0.011679	0.010455	0.010807	0.009743	0.010132	0.005117	0.010841	0.009934	0.008518	0.011173	0.009978	0.010595	0.239986	0.008908	
-0.016138	-0.015305	-0.013009	-0.011807	-0.012130	-0.016372	-0.013152	-0.013497	-0.015438	-0.013522	-0.016067	-0.014166	-0.014809	-0.014355	-0.014748	-0.014234	-0.013345	-0.014945	0.008964	0.008507	0.009237	0.007969	0.010448	0.008818	0.009769	0.009488	0.008441	0.003972	0.010699	0.009725	0.007369	0.011146	0.009338	0.009384	0.008908	0.209715	
