0.375891	-0.009280	-0.012312	-0.007263	-0.014260	-0.008977	-0.009576	-0.011488	-0.012128	-0.004115	-0.012570	-0.011324	-0.010099	-0.013213	-0.011645	-0.016426	-0.012219	-0.011050	
-0.009280	0.328504	-0.010917	-0.008935	-0.010997	-0.010421	-0.009726	-0.008930	-0.012657	-0.005249	-0.008658	-0.008698	-0.010455	-0.011044	-0.009571	-0.010987	-0.010792	-0.006935	
-0.012312	-0.010917	0.371152	-0.013035	-0.018698	-0.011312	-0.012329	-0.010609	0.014632	-0.006126	-0.014416	-0.011974	-0.009540	-0.014025	-0.012113	-0.016330	-0.013599	-0.012871	
-0.007263	-0.008935	-0.013035	0.346511	-0.013811	-0.009236	-0.012377	-0.010790	-0.011351	-0.005006	-0.010342	-0.009256	-0.008841	-0.009464	-0.010627	-0.012894	-0.011379	-0.008648	
-0.014260	-0.010997	-0.018698	-0.013811	0.439962	-0.015725	-0.016440	-0.015068	-0.017467	-0.010062	-0.016636	-0.016347	-0.012427	-0.018222	-0.015434	0.024565	-0.017854	-0.015098	
-0.008977	-0.010421	-0.011312	-0.009236	-0.015725	0.385290	-0.011703	-0.011525	-0.010967	-0.006515	-0.012331	-0.011928	-0.010728	-0.014767	-0.010441	-0.011737	-0.012174	-0.012158	
-0.009576	-0.009726	-0.012329	-0.012377	-0.016440	-0.011703	0.398650	-0.012751	-0.014477	-0.005736	-0.013437	-0.013777	-0.008617	-0.011692	-0.011867	-0.014407	-0.010390	-0.010024	
-0.011488	-0.008930	-0.010609	-0.010790	-0.015068	-0.011525	-0.012751	0.375793	-0.011056	-0.005362	-0.012079	-0.011573	-0.010771	-0.012638	-0.010773	-0.013245	-0.010349	-0.008888	
-0.012128	-0.012657	0.014632	-0.011351	-0.017467	-0.010967	-0.014477	-0.011056	0.382202	-0.006190	-0.014809	-0.013690	-0.010849	-0.014431	-0.011041	-0.016734	-0.014958	-0.012930	
-0.004115	-0.005249	-0.006126	-0.005006	-0.010062	-0.006515	-0.005736	-0.005362	-0.006190	0.200711	-0.006496	-0.005135	-0.005454	-0.007080	-0.005636	-0.006513	-0.004436	-0.005242	
-0.012570	-0.008658	-0.014416	-0.010342	-0.016636	-0.012331	-0.013437	-0.012079	-0.014809	-0.006496	0.414516	-0.013661	-0.008698	-0.014769	-0.011051	-0.014452	-0.012289	-0.010565	
-0.011324	-0.008698	-0.011974	-0.009256	-0.016347	-0.011928	-0.013777	-0.011573	-0.013690	-0.005135	-0.013661	0.396062	-0.011091	-0.012271	-0.009572	-0.014771	-0.013282	-0.009679	
-0.010099	-0.010455	-0.009540	-0.008841	-0.012427	-0.010728	-0.008617	-0.010771	-0.010849	-0.005454	-0.008698	-0.011091	0.336637	-0.009282	-0.009082	-0.012994	-0.009651	-0.009740	
-0.013213	-0.011044	-0.014025	-0.009464	-0.018222	-0.014767	-0.011692	-0.012638	-0.014431	-0.007080	-0.014769	-0.012271	-0.009282	0.441179	-0.013847	-0.017538	-0.014036	-0.012271	
-0.011645	-0.009571	-0.012113	-0.010627	-0.015434	-0.010441	-0.011867	-0.010773	-0.011041	-0.005636	-0.011051	-0.009572	-0.009082	-0.013847	0.381180	-0.014858	-0.012676	-0.010358	
-0.016426	-0.010987	-0.016330	-0.012894	0.024565	-0.011737	-0.014407	-0.013245	-0.016734	-0.006513	-0.014452	-0.014771	-0.012994	-0.017538	-0.014858	0.394961	-0.014803	-0.013357	
-0.012219	-0.010792	-0.013599	-0.011379	-0.017854	-0.012174	-0.010390	-0.010349	-0.014958	-0.004436	-0.012289	-0.013282	-0.009651	-0.014036	-0.012676	-0.014803	0.413628	-0.011927	
-0.011050	-0.006935	-0.012871	-0.008648	-0.015098	-0.012158	-0.010024	-0.008888	-0.012930	-0.005242	-0.010565	-0.009679	-0.009740	-0.012271	-0.010358	-0.013357	-0.011927	0.363484	
