0.368674	0.016993	0.017023	0.014127	0.014548	0.019156	0.016686	0.016473	0.018802	0.016584	0.019594	0.017293	0.018074	0.017904	0.014271	0.015278	0.018862	0.014948	-0.026880	-0.023351	-0.028184	-0.022322	-0.031874	-0.026932	-0.026657	-0.024727	-0.028152	-0.013075	-0.029889	-0.026603	-0.022458	-0.029949	-0.027114	-0.029866	-0.028087	-0.024834	
0.016993	0.347295	0.013662	0.010514	0.013197	0.014592	0.013313	0.013187	0.015562	0.014113	0.016647	0.017232	0.014023	0.013780	0.016569	0.015167	0.014556	0.048800	-0.025551	-0.022947	-0.026591	-0.022033	-0.032589	-0.026306	-0.026638	-0.024896	-0.025897	-0.012328	-0.027639	-0.026281	-0.021517	-0.030527	-0.025596	-0.028121	-0.026989	-0.023107	
0.017023	0.013662	0.303712	0.010049	0.012998	0.013973	0.014057	0.011467	0.013718	0.012907	0.015496	0.013682	0.012948	0.012313	0.012737	0.010647	0.012597	0.012020	-0.021130	-0.018088	-0.021968	-0.018321	-0.025613	-0.021372	-0.022001	-0.021286	-0.021383	-0.009827	-0.023065	-0.021746	-0.017661	-0.025514	-0.020834	-0.023726	-0.020801	-0.019814	
0.014127	0.010514	0.010049	0.285337	0.011248	0.014260	0.010470	0.010967	0.012415	0.010707	0.014849	0.011751	0.014018	0.012122	0.012153	0.012131	0.011851	0.010127	-0.019758	-0.016719	-0.019338	-0.016652	-0.024529	-0.019339	-0.020057	-0.018598	-0.020123	-0.008861	-0.021415	-0.020401	-0.017398	-0.022938	-0.019156	-0.022606	-0.020717	-0.017825	
0.014548	0.013197	0.012998	0.011248	0.310688	0.014542	0.012233	0.012751	0.017483	0.012057	0.015019	0.013950	0.016300	0.013878	0.012250	0.012141	0.011940	0.011402	-0.021485	-0.020610	-0.021762	-0.018526	-0.025562	-0.021665	-0.022026	-0.021110	-0.021313	-0.009782	-0.022204	-0.022433	-0.017917	-0.026561	-0.021846	-0.025961	-0.022975	-0.019542	
0.019156	0.014592	0.013973	0.014260	0.014542	0.348071	0.015741	0.017587	0.017665	0.015915	0.017322	0.017027	0.017417	0.016933	0.014432	0.015973	0.015588	0.014228	-0.025188	-0.022093	-0.026561	-0.021468	-0.030517	-0.025928	-0.026228	-0.024680	-0.026638	-0.011697	-0.027541	-0.025466	-0.021089	-0.029220	-0.024754	-0.026850	-0.026278	-0.024190	
0.016686	0.013313	0.014057	0.010470	0.012233	0.015741	0.310185	0.013046	0.016485	0.012211	0.013761	0.014320	0.014237	0.013796	0.013744	0.013624	0.012817	0.011841	-0.023114	-0.019126	-0.022400	-0.018638	-0.026382	-0.021619	-0.022626	-0.020401	-0.021814	-0.010321	-0.023984	-0.022667	-0.017760	-0.026722	-0.023119	-0.023878	-0.022970	-0.019930	
0.016473	0.013187	0.011467	0.010967	0.012751	0.017587	0.013046	0.322292	0.014586	0.012480	0.016065	0.013983	0.014379	0.013937	0.012375	0.012615	0.014679	0.010547	-0.023232	-0.019922	-0.022603	-0.019140	-0.027459	-0.022307	-0.023525	-0.020179	-0.023226	-0.010872	-0.024083	-0.023264	-0.018966	-0.025765	-0.021935	-0.023764	-0.022461	-0.019568	
0.018802	0.015562	0.013718	0.012415	0.017483	0.017665	0.016485	0.014586	0.354712	0.015267	0.017664	0.017862	0.018824	0.017252	0.017101	0.015517	0.014391	0.015370	-0.026745	-0.021432	-0.025967	-0.022985	-0.030186	-0.025961	-0.026566	-0.023752	-0.026773	-0.012132	-0.027540	-0.026455	-0.022412	-0.030419	-0.025316	-0.027757	-0.027184	-0.023738	
0.016584	0.014113	0.012907	0.010707	0.012057	0.015915	0.012211	0.012480	0.015267	0.305982	0.016026	0.014839	0.014443	0.014617	0.013928	0.014379	0.013026	0.013363	-0.022740	-0.018985	-0.023122	-0.018558	-0.026568	-0.022711	-0.023219	-0.019792	-0.022560	-0.011230	-0.023015	-0.022468	-0.018942	-0.026165	-0.021298	-0.023995	-0.023749	-0.020735	
0.019594	0.016647	0.015496	0.014849	0.015019	0.017322	0.013761	0.016065	0.017664	0.016026	0.347644	0.016442	0.017820	0.017789	0.015570	0.015716	0.015644	0.015327	-0.024588	-0.022411	-0.025734	-0.022145	-0.030410	-0.025639	-0.026505	-0.024177	-0.026176	-0.012061	-0.026833	-0.026338	-0.022383	-0.029842	-0.025937	-0.028131	-0.026236	-0.025031	
0.017293	0.017232	0.013682	0.011751	0.013950	0.017027	0.014320	0.013983	0.017862	0.014839	0.016442	0.352641	0.017204	0.016364	0.024763	0.014628	0.016428	0.014627	-0.025915	-0.022322	-0.026189	-0.022352	-0.029953	-0.026271	-0.026763	-0.024138	-0.026780	-0.012725	-0.026460	-0.024715	-0.021874	-0.029875	-0.025035	-0.027594	-0.027308	-0.022444	
0.018074	0.014023	0.012948	0.014018	0.016300	0.017417	0.014237	0.014379	0.018824	0.014443	0.017820	0.017204	0.344260	0.014404	0.014301	0.015369	0.012864	0.014583	-0.025345	-0.021911	-0.024306	-0.020290	-0.029581	-0.024385	-0.025219	-0.023875	-0.025933	-0.012612	-0.026259	-0.024414	-0.020222	-0.028763	-0.024767	-0.026786	-0.026345	-0.022329	
0.017904	0.013780	0.012313	0.012122	0.013878	0.016933	0.013796	0.013937	0.017252	0.014617	0.017789	0.016364	0.014404	0.337706	0.013604	0.012822	0.013013	0.012958	-0.022739	-0.020339	-0.023841	-0.020991	-0.029239	-0.022841	-0.024597	-0.022660	-0.024273	-0.011213	-0.024679	-0.023323	-0.020834	-0.027707	-0.024207	-0.025774	-0.024904	-0.022180	
0.014271	0.016569	0.012737	0.012153	0.012250	0.014432	0.013744	0.012375	0.017101	0.013928	0.015570	0.024763	0.014301	0.013604	0.338479	0.027716	0.013752	0.014895	-0.023292	-0.021323	-0.025588	-0.021051	-0.029569	-0.024398	-0.025741	-0.021821	-0.025593	-0.011611	-0.026887	-0.025829	-0.020208	-0.029609	-0.025169	-0.027760	-0.024544	-0.023406	
0.015278	0.015167	0.010647	0.012131	0.012141	0.015973	0.013624	0.012615	0.015517	0.014379	0.015716	0.014628	0.015369	0.012822	0.027716	0.317642	0.015962	0.014642	-0.023720	-0.019378	-0.022784	-0.020639	-0.027558	-0.024033	-0.024175	-0.022533	-0.024915	-0.012194	-0.025056	-0.024324	-0.019572	-0.028022	-0.022047	-0.025908	-0.024635	-0.021654	
0.018862	0.014556	0.012597	0.011851	0.011940	0.015588	0.012817	0.014679	0.014391	0.013026	0.015644	0.016428	0.012864	0.013013	0.013752	0.015962	0.323420	0.013795	-0.021870	-0.019941	-0.023254	-0.019966	-0.029409	-0.022974	-0.022961	-0.022749	-0.024173	-0.011071	-0.024407	-0.023719	-0.018537	-0.026088	-0.023062	-0.025415	-0.023219	-0.020661	
0.014948	0.048800	0.012020	0.010127	0.011402	0.014228	0.011841	0.010547	0.015370	0.013363	0.015327	0.014627	0.014583	0.012958	0.014895	0.014642	0.013795	0.327877	-0.024790	-0.020552	-0.024206	-0.020419	-0.029143	-0.025686	-0.025093	-0.022768	-0.023926	-0.012041	-0.026319	-0.024424	-0.020541	-0.028434	-0.025016	-0.026182	-0.025202	-0.022669	
-0.026880	-0.025551	-0.021130	-0.019758	-0.021485	-0.025188	-0.023114	-0.023232	-0.026745	-0.022740	-0.024588	-0.025915	-0.025345	-0.022739	-0.023292	-0.023720	-0.021870	-0.024790	0.314868	0.014393	0.015801	0.015423	0.019204	0.018281	0.017772	0.015174	0.016005	0.008274	0.017539	0.017051	0.013040	0.020363	0.016153	0.015548	0.016569	0.014057	
-0.023351	-0.022947	-0.018088	-0.016719	-0.020610	-0.022093	-0.019126	-0.019922	-0.021432	-0.018985	-0.022411	-0.022322	-0.021911	-0.020339	-0.021323	-0.019378	-0.019941	-0.020552	0.014393	0.273510	0.013619	0.011564	0.018102	0.013857	0.014108	0.013414	0.012342	0.006419	0.016566	0.015198	0.010662	0.017182	0.013785	0.015363	0.014320	0.013802	
-0.028184	-0.026591	-0.021968	-0.019338	-0.021762	-0.026561	-0.022400	-0.022603	-0.025967	-0.023122	-0.025734	-0.026189	-0.024306	-0.023841	-0.025588	-0.022784	-0.023254	-0.024206	0.015801	0.013619	0.312717	0.011941	0.017123	0.016084	0.016578	0.015393	0.034007	0.007483	0.016599	0.016886	0.014040	0.019080	0.016617	0.015505	0.016931	0.014351	
-0.022322	-0.022033	-0.018321	-0.016652	-0.018526	-0.021468	-0.018638	-0.019140	-0.022985	-0.018558	-0.022145	-0.022352	-0.020290	-0.020991	-0.021051	-0.020639	-0.019966	-0.020419	0.015423	0.011564	0.011941	0.280730	0.016068	0.014160	0.013263	0.012703	0.013236	0.006257	0.014314	0.014621	0.011373	0.017413	0.013284	0.013212	0.014154	0.013145	
-0.031874	-0.032589	-0.025613	-0.024529	-0.025562	-0.030517	-0.026382	-0.027459	-0.030186	-0.026568	-0.030410	-0.029953	-0.029581	-0.029239	-0.029569	-0.027558	-0.029409	-0.029143	0.019204	0.018102	0.017123	0.016068	0.374198	0.019092	0.018713	0.016954	0.017554	0.007420	0.020482	0.018279	0.016067	0.022373	0.018627	0.047214	0.018989	0.016778	
-0.026932	-0.026306	-0.021372	-0.019339	-0.021665	-0.025928	-0.021619	-0.022307	-0.025961	-0.022711	-0.025639	-0.026271	-0.024385	-0.022841	-0.024398	-0.024033	-0.022974	-0.025686	0.018281	0.013857	0.016084	0.014160	0.019092	0.320220	0.017159	0.014392	0.017867	0.007212	0.016813	0.016530	0.013733	0.018409	0.016771	0.018882	0.017117	0.013898	
-0.026657	-0.026638	-0.022001	-0.020057	-0.022026	-0.026228	-0.022626	-0.023525	-0.026566	-0.023219	-0.026505	-0.026763	-0.025219	-0.024597	-0.025741	-0.024175	-0.022961	-0.025093	0.017772	0.014108	0.016578	0.013263	0.018713	0.017159	0.330355	0.014728	0.016332	0.008269	0.017551	0.016199	0.014917	0.021280	0.016910	0.017647	0.018277	0.015714	
-0.024727	-0.024896	-0.021286	-0.018598	-0.021110	-0.024680	-0.020401	-0.020179	-0.023752	-0.019792	-0.024177	-0.024138	-0.023875	-0.022660	-0.021821	-0.022533	-0.022749	-0.022768	0.015174	0.013414	0.015393	0.012703	0.016954	0.014392	0.014728	0.308749	0.015839	0.007111	0.015260	0.014997	0.011733	0.018308	0.016313	0.015727	0.016500	0.015220	
-0.028152	-0.025897	-0.021383	-0.020123	-0.021313	-0.026638	-0.021814	-0.023226	-0.026773	-0.022560	-0.026176	-0.026780	-0.025933	-0.024273	-0.025593	-0.024915	-0.024173	-0.023926	0.016005	0.012342	0.034007	0.013236	0.017554	0.017867	0.016332	0.015839	0.320684	0.007085	0.016971	0.015045	0.013463	0.019461	0.017097	0.016429	0.015693	0.014878	
-0.013075	-0.012328	-0.009827	-0.008861	-0.009782	-0.011697	-0.010321	-0.010872	-0.012132	-0.011230	-0.012061	-0.012725	-0.012612	-0.011213	-0.011611	-0.012194	-0.011071	-0.012041	0.008274	0.006419	0.007483	0.006257	0.007420	0.007212	0.008269	0.007111	0.007085	0.158821	0.007549	0.007750	0.006033	0.008762	0.007260	0.008428	0.008482	0.006447	
-0.029889	-0.027639	-0.023065	-0.021415	-0.022204	-0.027541	-0.023984	-0.024083	-0.027540	-0.023015	-0.026833	-0.026460	-0.026259	-0.024679	-0.026887	-0.025056	-0.024407	-0.026319	0.017539	0.016566	0.016599	0.014314	0.020482	0.016813	0.017551	0.015260	0.016971	0.007549	0.344653	0.017063	0.015110	0.021214	0.017550	0.018907	0.018022	0.017439	
-0.026603	-0.026281	-0.021746	-0.020401	-0.022433	-0.025466	-0.022667	-0.023264	-0.026455	-0.022468	-0.026338	-0.024715	-0.024414	-0.023323	-0.025829	-0.024324	-0.023719	-0.024424	0.017051	0.015198	0.016886	0.014621	0.018279	0.016530	0.016199	0.014997	0.015045	0.007750	0.017063	0.329679	0.012951	0.020230	0.017883	0.016593	0.016616	0.016136	
-0.022458	-0.021517	-0.017661	-0.017398	-0.017917	-0.021089	-0.017760	-0.018966	-0.022412	-0.018942	-0.022383	-0.021874	-0.020222	-0.020834	-0.020208	-0.019572	-0.018537	-0.020541	0.013040	0.010662	0.014040	0.011373	0.016067	0.013733	0.014917	0.011733	0.013463	0.006033	0.015110	0.012951	0.271144	0.016983	0.014974	0.012871	0.014395	0.012374	
-0.029949	-0.030527	-0.025514	-0.022938	-0.026561	-0.029220	-0.026722	-0.025765	-0.030419	-0.026165	-0.029842	-0.029875	-0.028763	-0.027707	-0.029609	-0.028022	-0.026088	-0.028434	0.020363	0.017182	0.019080	0.017413	0.022373	0.018409	0.021280	0.018308	0.019461	0.008762	0.021214	0.020230	0.016983	0.372688	0.018283	0.019406	0.019342	0.017685	
-0.027114	-0.025596	-0.020834	-0.019156	-0.021846	-0.024754	-0.023119	-0.021935	-0.025316	-0.021298	-0.025937	-0.025035	-0.024767	-0.024207	-0.025169	-0.022047	-0.023062	-0.025016	0.016153	0.013785	0.016617	0.013284	0.018627	0.016771	0.016910	0.016313	0.017097	0.007260	0.017550	0.017883	0.014974	0.018283	0.314407	0.016108	0.016589	0.014800	
-0.029866	-0.028121	-0.023726	-0.022606	-0.025961	-0.026850	-0.023878	-0.023764	-0.027757	-0.023995	-0.028131	-0.027594	-0.026786	-0.025774	-0.027760	-0.025908	-0.025415	-0.026182	0.015548	0.015363	0.015505	0.013212	0.047214	0.018882	0.017647	0.015727	0.016429	0.008428	0.018907	0.016593	0.012871	0.019406	0.016108	0.338885	0.017623	0.015168	
-0.028087	-0.026989	-0.020801	-0.020717	-0.022975	-0.026278	-0.022970	-0.022461	-0.027184	-0.023749	-0.026236	-0.027308	-0.026345	-0.024904	-0.024544	-0.024635	-0.023219	-0.025202	0.016569	0.014320	0.016931	0.014154	0.018989	0.017117	0.018277	0.016500	0.015693	0.008482	0.018022	0.016616	0.014395	0.019342	0.016589	0.017623	0.340576	0.014697	
-0.024834	-0.023107	-0.019814	-0.017825	-0.019542	-0.024190	-0.019930	-0.019568	-0.023738	-0.020735	-0.025031	-0.022444	-0.022329	-0.022180	-0.023406	-0.021654	-0.020661	-0.022669	0.014057	0.013802	0.014351	0.013145	0.016778	0.013898	0.015714	0.015220	0.014878	0.006447	0.017439	0.016136	0.012374	0.017685	0.014800	0.015168	0.014697	0.294137	
