0.299500	0.012946	0.013348	0.010992	0.011258	0.014802	0.012925	0.012689	0.014320	0.012966	0.015039	0.013157	0.013885	0.013702	0.010768	0.011674	0.014589	0.011460	-0.021582	-0.018481	-0.022459	-0.017625	-0.025365	-0.021278	-0.020986	-0.019287	-0.022097	-0.009852	-0.023495	-0.020815	-0.017226	-0.023541	-0.021285	-0.023417	-0.022099	-0.019385	
0.012946	0.282442	0.010585	0.008242	0.010323	0.010961	0.010356	0.010061	0.011818	0.010985	0.012728	0.013204	0.010620	0.010420	0.012740	0.011746	0.011242	0.039019	-0.020555	-0.018180	-0.021166	-0.017464	-0.025916	-0.020841	-0.021006	-0.019604	-0.020389	-0.009186	-0.021788	-0.020673	-0.016811	-0.023980	-0.020130	-0.022125	-0.021242	-0.018164	
0.013348	0.010585	0.248961	0.008045	0.010352	0.010913	0.011193	0.008992	0.010581	0.010259	0.012114	0.010641	0.010063	0.009574	0.009889	0.008279	0.009926	0.009517	-0.017061	-0.014408	-0.017676	-0.014531	-0.020747	-0.017214	-0.017620	-0.016882	-0.017100	-0.007393	-0.018527	-0.017306	-0.013893	-0.020451	-0.016621	-0.019095	-0.016639	-0.015585	
0.010992	0.008242	0.008045	0.233977	0.009004	0.011283	0.008379	0.008680	0.009633	0.008610	0.011646	0.009199	0.011116	0.009442	0.009580	0.009558	0.009388	0.008005	-0.015946	-0.013281	-0.015560	-0.013341	-0.019858	-0.015542	-0.016161	-0.014866	-0.016179	-0.006817	-0.017210	-0.016428	-0.013782	-0.018561	-0.015223	-0.018220	-0.016578	-0.014236	
0.011258	0.010323	0.010352	0.009004	0.254116	0.011347	0.009594	0.010044	0.013595	0.009420	0.011697	0.010770	0.012757	0.010787	0.009558	0.009486	0.009300	0.008899	-0.017234	-0.016315	-0.017452	-0.014742	-0.020749	-0.017357	-0.017494	-0.016806	-0.016984	-0.007398	-0.017720	-0.017927	-0.014068	-0.021304	-0.017317	-0.020615	-0.018240	-0.015523	
0.014802	0.010961	0.010913	0.011283	0.011347	0.283245	0.012241	0.013680	0.013498	0.012511	0.013291	0.013107	0.013308	0.013103	0.011009	0.012239	0.012078	0.010903	-0.020174	-0.017574	-0.021145	-0.016882	-0.024437	-0.020487	-0.020701	-0.019411	-0.021007	-0.008736	-0.021727	-0.019929	-0.016312	-0.023107	-0.019496	-0.021175	-0.020634	-0.018964	
0.012925	0.010356	0.011193	0.008379	0.009594	0.012241	0.253424	0.010262	0.012901	0.009618	0.010769	0.011147	0.011117	0.010735	0.010707	0.010690	0.010003	0.009247	-0.018555	-0.015228	-0.018017	-0.014859	-0.021244	-0.017353	-0.018013	-0.016216	-0.017333	-0.007802	-0.019143	-0.017979	-0.013954	-0.021353	-0.018454	-0.018992	-0.018339	-0.015763	
0.012689	0.010061	0.008992	0.008680	0.010044	0.013680	0.010262	0.262828	0.011198	0.009890	0.012396	0.010633	0.011114	0.010679	0.009545	0.009762	0.011422	0.008005	-0.018709	-0.015811	-0.018060	-0.015175	-0.021878	-0.017715	-0.018657	-0.015920	-0.018515	-0.008173	-0.019111	-0.018468	-0.014710	-0.020492	-0.017217	-0.018703	-0.017714	-0.015440	
0.014320	0.011818	0.010581	0.009633	0.013595	0.013498	0.012901	0.011198	0.288287	0.011804	0.013395	0.013623	0.014375	0.013137	0.013123	0.011937	0.011023	0.011772	-0.021469	-0.016904	-0.020682	-0.018140	-0.023904	-0.020409	-0.020886	-0.018553	-0.021000	-0.009003	-0.021723	-0.020706	-0.017378	-0.023911	-0.019756	-0.021800	-0.021160	-0.018492	
0.012966	0.010985	0.010259	0.008610	0.009420	0.012511	0.009618	0.009890	0.011804	0.250059	0.012448	0.011511	0.011320	0.011463	0.010876	0.011296	0.010229	0.010411	-0.018227	-0.015055	-0.018556	-0.014821	-0.021375	-0.018225	-0.018548	-0.015660	-0.018125	-0.008594	-0.018362	-0.017814	-0.014880	-0.020854	-0.016923	-0.019215	-0.018949	-0.016461	
0.015039	0.012728	0.012114	0.011646	0.011697	0.013291	0.010769	0.012396	0.013395	0.012448	0.283705	0.012451	0.013662	0.013628	0.011841	0.012145	0.012148	0.011748	-0.019767	-0.017775	-0.020477	-0.017512	-0.024221	-0.020290	-0.020882	-0.019009	-0.020650	-0.008957	-0.021060	-0.020749	-0.017434	-0.023564	-0.020287	-0.022091	-0.020500	-0.019771	
0.013157	0.013204	0.010641	0.009199	0.010770	0.013107	0.011147	0.010633	0.013623	0.011511	0.012451	0.287117	0.013153	0.012396	0.019445	0.011178	0.012602	0.011258	-0.020788	-0.017687	-0.020837	-0.017605	-0.023994	-0.020738	-0.021072	-0.018961	-0.021084	-0.009647	-0.020755	-0.019352	-0.017054	-0.023491	-0.019514	-0.021741	-0.021212	-0.017501	
0.013885	0.010620	0.010063	0.011116	0.012757	0.013308	0.011117	0.011114	0.014375	0.011320	0.013662	0.013153	0.280250	0.010935	0.010833	0.011833	0.009850	0.011164	-0.020387	-0.017403	-0.019329	-0.016010	-0.023538	-0.019288	-0.019875	-0.018681	-0.020421	-0.009496	-0.020725	-0.019247	-0.015735	-0.022638	-0.019330	-0.021085	-0.020619	-0.017423	
0.013702	0.010420	0.009574	0.009442	0.010787	0.013103	0.010735	0.010679	0.013137	0.011463	0.013628	0.012396	0.010935	0.275148	0.010391	0.009819	0.009926	0.009787	-0.018143	-0.016077	-0.018789	-0.016564	-0.023235	-0.017947	-0.019447	-0.017837	-0.019062	-0.008357	-0.019368	-0.018350	-0.016291	-0.021849	-0.019017	-0.020179	-0.019570	-0.017414	
0.010768	0.012740	0.009889	0.009580	0.009558	0.011009	0.010707	0.009545	0.013123	0.010876	0.011841	0.019445	0.010833	0.010391	0.275766	0.021979	0.010593	0.011523	-0.018801	-0.016894	-0.020290	-0.016637	-0.023628	-0.019340	-0.020404	-0.017121	-0.020125	-0.008743	-0.021272	-0.020402	-0.015894	-0.023451	-0.019784	-0.021916	-0.019280	-0.018302	
0.011674	0.011746	0.008279	0.009558	0.009486	0.012239	0.010690	0.009762	0.011937	0.011296	0.012145	0.011178	0.011833	0.009819	0.021979	0.258651	0.012511	0.011419	-0.019116	-0.015355	-0.018145	-0.016314	-0.021989	-0.019077	-0.019152	-0.017734	-0.019692	-0.009239	-0.019871	-0.019270	-0.015171	-0.022316	-0.017293	-0.020457	-0.019480	-0.017205	
0.014589	0.011242	0.009926	0.009388	0.009300	0.012078	0.010003	0.011422	0.011023	0.010229	0.012148	0.012602	0.009850	0.009926	0.010593	0.012511	0.263053	0.010666	-0.017564	-0.015817	-0.018515	-0.015882	-0.023591	-0.018301	-0.018242	-0.017870	-0.019101	-0.008229	-0.019361	-0.018736	-0.014387	-0.020623	-0.018146	-0.020132	-0.018331	-0.016193	
0.011460	0.039019	0.009517	0.008005	0.008899	0.010903	0.009247	0.008005	0.011772	0.010411	0.011748	0.011258	0.011164	0.009787	0.011523	0.011419	0.010666	0.267455	-0.019860	-0.016311	-0.019324	-0.016260	-0.023272	-0.020496	-0.019892	-0.018049	-0.018893	-0.009143	-0.020877	-0.019329	-0.015998	-0.022638	-0.019639	-0.020697	-0.019963	-0.017889	
-0.021582	-0.020555	-0.017061	-0.015946	-0.017234	-0.020174	-0.018555	-0.018709	-0.021469	-0.018227	-0.019767	-0.020788	-0.020387	-0.018143	-0.018801	-0.019116	-0.017564	-0.019860	0.260895	0.011427	0.012552	0.012202	0.014957	0.014525	0.013963	0.012009	0.012714	0.006557	0.013810	0.013446	0.010274	0.016162	0.012621	0.012249	0.013028	0.010995	
-0.018481	-0.018180	-0.014408	-0.013281	-0.016315	-0.017574	-0.015228	-0.015811	-0.016904	-0.015055	-0.017775	-0.017687	-0.017403	-0.016077	-0.016894	-0.015355	-0.015817	-0.016311	0.011427	0.224847	0.010726	0.009039	0.014197	0.010903	0.010916	0.010222	0.009471	0.004911	0.012824	0.011730	0.008129	0.013330	0.010632	0.011935	0.011061	0.010681	
-0.022459	-0.021166	-0.017676	-0.015560	-0.017452	-0.021145	-0.018017	-0.018060	-0.020682	-0.018556	-0.020477	-0.020837	-0.019329	-0.018789	-0.020290	-0.018145	-0.018515	-0.019324	0.012552	0.010726	0.256292	0.009438	0.013475	0.012613	0.012979	0.012092	0.026832	0.005604	0.013175	0.013295	0.010980	0.014840	0.013026	0.012110	0.013301	0.011295	
-0.017625	-0.017464	-0.014531	-0.013341	-0.014742	-0.016882	-0.014859	-0.015175	-0.018140	-0.014821	-0.017512	-0.017605	-0.016010	-0.016564	-0.016637	-0.016314	-0.015882	-0.016260	0.012202	0.009039	0.009438	0.229700	0.012654	0.011106	0.010234	0.009739	0.010212	0.004557	0.011016	0.011436	0.008775	0.013714	0.010209	0.010072	0.011011	0.010100	
-0.025365	-0.025916	-0.020747	-0.019858	-0.020749	-0.024437	-0.021244	-0.021878	-0.023904	-0.021375	-0.024221	-0.023994	-0.023538	-0.023235	-0.023628	-0.021989	-0.023591	-0.023272	0.014957	0.014197	0.013475	0.012654	0.306570	0.015141	0.014591	0.013186	0.013942	0.005330	0.016313	0.014576	0.012474	0.018088	0.014786	0.037450	0.015156	0.013341	
-0.021278	-0.020841	-0.017214	-0.015542	-0.017357	-0.020487	-0.017353	-0.017715	-0.020409	-0.018225	-0.020290	-0.020738	-0.019288	-0.017947	-0.019340	-0.019077	-0.018301	-0.020496	0.014525	0.010903	0.012613	0.011106	0.015141	0.261014	0.013500	0.011075	0.013924	0.005204	0.013175	0.012876	0.010442	0.014740	0.012993	0.014765	0.013563	0.010846	
-0.020986	-0.021006	-0.017620	-0.016161	-0.017494	-0.020701	-0.018013	-0.018657	-0.020886	-0.018548	-0.020882	-0.021072	-0.019875	-0.019447	-0.020404	-0.019152	-0.018242	-0.019892	0.013963	0.010916	0.012979	0.010234	0.014591	0.013500	0.267962	0.011456	0.012834	0.006087	0.013770	0.012681	0.011459	0.016935	0.013163	0.013763	0.014407	0.012319	
-0.019287	-0.019604	-0.016882	-0.014866	-0.016806	-0.019411	-0.016216	-0.015920	-0.018553	-0.015660	-0.019009	-0.018961	-0.018681	-0.017837	-0.017121	-0.017734	-0.017870	-0.018049	0.012009	0.010222	0.012092	0.009739	0.013186	0.011075	0.011456	0.250432	0.012396	0.005125	0.011832	0.011593	0.008780	0.014319	0.012826	0.012101	0.012746	0.011753	
-0.022097	-0.020389	-0.017100	-0.016179	-0.016984	-0.021007	-0.017333	-0.018515	-0.021000	-0.018125	-0.020650	-0.021084	-0.020421	-0.019062	-0.020125	-0.019692	-0.019101	-0.018893	0.012714	0.009471	0.026832	0.010212	0.013942	0.013924	0.012834	0.012396	0.259914	0.004984	0.013182	0.011775	0.010260	0.015322	0.013107	0.012841	0.012351	0.011655	
-0.009852	-0.009186	-0.007393	-0.006817	-0.007398	-0.008736	-0.007802	-0.008173	-0.009003	-0.008594	-0.008957	-0.009647	-0.009496	-0.008357	-0.008743	-0.009239	-0.008229	-0.009143	0.006557	0.004911	0.005604	0.004557	0.005330	0.005204	0.006087	0.005125	0.004984	0.128819	0.005200	0.005501	0.004132	0.005996	0.005035	0.005962	0.005848	0.004322	
-0.023495	-0.021788	-0.018527	-0.017210	-0.017720	-0.021727	-0.019143	-0.019111	-0.021723	-0.018362	-0.021060	-0.020755	-0.020725	-0.019368	-0.021272	-0.019871	-0.019361	-0.020877	0.013810	0.012824	0.013175	0.011016	0.016313	0.013175	0.013770	0.011832	0.013182	0.005200	0.278148	0.013426	0.011641	0.016978	0.013739	0.015050	0.014212	0.013678	
-0.020815	-0.020673	-0.017306	-0.016428	-0.017927	-0.019929	-0.017979	-0.018468	-0.020706	-0.017814	-0.020749	-0.019352	-0.019247	-0.018350	-0.020402	-0.019270	-0.018736	-0.019329	0.013446	0.011730	0.013295	0.011436	0.014576	0.012876	0.012681	0.011593	0.011775	0.005501	0.013426	0.265717	0.009773	0.015937	0.013876	0.012995	0.013025	0.012681	
-0.017226	-0.016811	-0.013893	-0.013782	-0.014068	-0.016312	-0.013954	-0.014710	-0.017378	-0.014880	-0.017434	-0.017054	-0.015735	-0.016291	-0.015894	-0.015171	-0.014387	-0.015998	0.010274	0.008129	0.010980	0.008775	0.012474	0.010442	0.011459	0.008780	0.010260	0.004132	0.011641	0.009773	0.217655	0.013080	0.011570	0.009961	0.011082	0.009338	
-0.023541	-0.023980	-0.020451	-0.018561	-0.021304	-0.023107	-0.021353	-0.020492	-0.023911	-0.020854	-0.023564	-0.023491	-0.022638	-0.021849	-0.023451	-0.022316	-0.020623	-0.022638	0.016162	0.013330	0.014840	0.013714	0.018088	0.014740	0.016935	0.014319	0.015322	0.005996	0.016978	0.015937	0.013080	0.299292	0.014413	0.015415	0.015189	0.014022	
-0.021285	-0.020130	-0.016621	-0.015223	-0.017317	-0.019496	-0.018454	-0.017217	-0.019756	-0.016923	-0.020287	-0.019514	-0.019330	-0.019017	-0.019784	-0.017293	-0.018146	-0.019639	0.012621	0.010632	0.013026	0.010209	0.014786	0.012993	0.013163	0.012826	0.013107	0.005035	0.013739	0.013876	0.011570	0.014413	0.253613	0.012520	0.012750	0.011361	
-0.023417	-0.022125	-0.019095	-0.018220	-0.020615	-0.021175	-0.018992	-0.018703	-0.021800	-0.019215	-0.022091	-0.021741	-0.021085	-0.020179	-0.021916	-0.020457	-0.020132	-0.020697	0.012249	0.011935	0.012110	0.010072	0.037450	0.014765	0.013763	0.012101	0.012841	0.005962	0.015050	0.012995	0.009961	0.015415	0.012520	0.273727	0.013815	0.011786	
-0.022099	-0.021242	-0.016639	-0.016578	-0.018240	-0.020634	-0.018339	-0.017714	-0.021160	-0.018949	-0.020500	-0.021212	-0.020619	-0.019570	-0.019280	-0.019480	-0.018331	-0.019963	0.013028	0.011061	0.013301	0.011011	0.015156	0.013563	0.014407	0.012746	0.012351	0.005848	0.014212	0.013025	0.011082	0.015189	0.012750	0.013815	0.273609	0.011200	
-0.019385	-0.018164	-0.015585	-0.014236	-0.015523	-0.018964	-0.015763	-0.015440	-0.018492	-0.016461	-0.019771	-0.017501	-0.017423	-0.017414	-0.018302	-0.017205	-0.016193	-0.017889	0.010995	0.010681	0.011295	0.010100	0.013341	0.010846	0.012319	0.011753	0.011655	0.004322	0.013678	0.012681	0.009338	0.014022	0.011361	0.011786	0.011200	0.236667	
